/*--------------------------------*- C++ -*----------------------------------*\
| =========                 |                                                 |
| \\      /  F ield         | OpenFOAM: The Open Source CFD Toolbox           |
|  \\    /   O peration     | Version:  5.x                                   |
|   \\  /    A nd           | Web:      www.OpenFOAM.org                      |
|    \\/     M anipulation  |                                                 |
\*---------------------------------------------------------------------------*/
FoamFile
{
    version     2.0;
    format      ascii;
    class       volScalarField;
    location    "300/subsurface";
    object      pMean;
}
// * * * * * * * * * * * * * * * * * * * * * * * * * * * * * * * * * * * * * //

dimensions      [0 2 -2 0 0 0 0];

internalField   nonuniform List<scalar> 
7200
(
6.48048e-05
6.60492e-05
6.74839e-05
6.90933e-05
7.08599e-05
7.27641e-05
7.4785e-05
7.69003e-05
7.90865e-05
8.13195e-05
8.35742e-05
8.58257e-05
8.80488e-05
9.02187e-05
9.23113e-05
9.43032e-05
9.61722e-05
9.78975e-05
9.946e-05
0.000100842
0.000102029
0.000103008
0.000103768
0.0001043
0.000104599
0.000104663
0.00010449
0.000104082
0.000103445
0.000102586
0.000101514
0.000100242
9.87824e-05
9.71527e-05
9.53703e-05
9.3455e-05
9.14274e-05
8.93098e-05
8.71251e-05
8.4897e-05
8.26497e-05
8.04075e-05
7.81947e-05
7.6035e-05
7.3952e-05
7.19681e-05
7.01081e-05
6.83911e-05
6.68336e-05
6.54524e-05
6.42622e-05
6.32761e-05
6.25049e-05
6.19571e-05
6.16388e-05
6.15537e-05
6.17031e-05
6.20856e-05
6.26973e-05
6.3532e-05
6.45821e-05
6.58354e-05
6.72796e-05
6.88989e-05
7.06759e-05
7.2591e-05
7.46233e-05
7.67504e-05
7.89488e-05
8.11943e-05
8.34619e-05
8.57265e-05
8.7963e-05
9.01466e-05
9.2253e-05
9.42589e-05
9.6142e-05
9.78816e-05
9.94585e-05
0.000100855
0.000102057
0.00010305
0.000103824
0.00010437
0.000104683
0.000104761
0.000104601
0.000104207
0.000103583
0.000102736
0.000101677
0.000100416
9.89679e-05
9.7349e-05
9.5577e-05
9.36713e-05
9.16528e-05
8.95437e-05
8.73668e-05
8.51458e-05
8.29049e-05
8.06683e-05
7.84603e-05
7.63048e-05
7.42251e-05
7.22438e-05
7.03855e-05
6.86694e-05
6.71122e-05
6.57303e-05
6.45387e-05
6.35505e-05
6.27763e-05
6.22248e-05
6.1902e-05
6.18118e-05
6.19554e-05
6.23314e-05
6.2936e-05
6.3763e-05
6.42607e-05
6.55391e-05
6.70144e-05
6.86708e-05
7.04901e-05
7.24524e-05
7.45361e-05
7.67183e-05
7.89746e-05
8.128e-05
8.36088e-05
8.59351e-05
8.82327e-05
9.0476e-05
9.26397e-05
9.46998e-05
9.66332e-05
9.84181e-05
0.000100035
0.000101465
0.000102693
0.000103705
0.000104491
0.00010504
0.000105349
0.000105412
0.000105231
0.000104806
0.000104143
0.000103249
0.000102135
0.000100812
9.92961e-05
9.76028e-05
9.5751e-05
9.37611e-05
9.16546e-05
8.94547e-05
8.71851e-05
8.48705e-05
8.25359e-05
8.02066e-05
7.79078e-05
7.56645e-05
7.35008e-05
7.14402e-05
6.95155e-05
6.77522e-05
6.61608e-05
6.47536e-05
6.35455e-05
6.25491e-05
6.1775e-05
6.12313e-05
6.09238e-05
6.08556e-05
6.10276e-05
6.14379e-05
6.2082e-05
6.2953e-05
6.40365e-05
6.53239e-05
6.68087e-05
6.84751e-05
7.03049e-05
7.22782e-05
7.43734e-05
7.65674e-05
7.8836e-05
8.11541e-05
8.34958e-05
8.58353e-05
8.81464e-05
9.04035e-05
9.25812e-05
9.46554e-05
9.6603e-05
9.84023e-05
0.000100033
0.000101478
0.000102721
0.000103747
0.000104547
0.000105111
0.000105434
0.000105511
0.000105343
0.000104932
0.000104282
0.000103401
0.000102299
0.000100989
9.94837e-05
9.78013e-05
9.59599e-05
9.39798e-05
9.18826e-05
8.96912e-05
8.74294e-05
8.5122e-05
8.27938e-05
8.04702e-05
7.81764e-05
7.59372e-05
7.37768e-05
7.17188e-05
6.97958e-05
6.80334e-05
6.64421e-05
6.50342e-05
6.38245e-05
6.28259e-05
6.20487e-05
6.15012e-05
6.11891e-05
6.11158e-05
6.12818e-05
6.16855e-05
6.23224e-05
6.31856e-05
6.32189e-05
6.45607e-05
6.6112e-05
6.78562e-05
6.97744e-05
7.18457e-05
7.40473e-05
7.63551e-05
7.87434e-05
8.11856e-05
8.36544e-05
8.61222e-05
8.85612e-05
9.0944e-05
9.32437e-05
9.54345e-05
9.74915e-05
9.93916e-05
0.000101113
0.000102638
0.000103947
0.000105027
0.000105865
0.000106452
0.000106782
0.000106851
0.000106659
0.000106206
0.0001055
0.000104547
0.000103357
0.000101945
0.000100325
9.85158e-05
9.65365e-05
9.44088e-05
9.21559e-05
8.98022e-05
8.73733e-05
8.48954e-05
8.23953e-05
7.99001e-05
7.74368e-05
7.50319e-05
7.27117e-05
7.05012e-05
6.84466e-05
6.65852e-05
6.49186e-05
6.34522e-05
6.22007e-05
6.11766e-05
6.03898e-05
5.98481e-05
5.95566e-05
5.95176e-05
5.97309e-05
6.01937e-05
6.09005e-05
6.18433e-05
6.29919e-05
6.43427e-05
6.59037e-05
6.7658e-05
6.95869e-05
7.16693e-05
7.38826e-05
7.62024e-05
7.86031e-05
8.1058e-05
8.354e-05
8.60212e-05
8.84739e-05
9.08706e-05
9.31845e-05
9.53895e-05
9.74611e-05
9.93758e-05
0.000101112
0.000102651
0.000103975
0.00010507
0.000105923
0.000106525
0.000106869
0.000106952
0.000106773
0.000106335
0.000105641
0.000104701
0.000103524
0.000102124
0.000100516
9.87181e-05
9.67494e-05
9.46317e-05
9.23882e-05
9.00433e-05
8.76224e-05
8.51518e-05
8.26584e-05
8.0169e-05
7.77107e-05
7.53101e-05
7.29933e-05
7.07854e-05
6.87324e-05
6.68718e-05
6.52051e-05
6.37378e-05
6.24846e-05
6.1458e-05
6.0668e-05
6.01223e-05
5.9826e-05
5.97815e-05
5.99887e-05
6.04447e-05
6.11441e-05
6.20789e-05
6.17107e-05
6.31433e-05
6.48035e-05
6.66738e-05
6.8734e-05
7.09621e-05
7.33336e-05
7.58224e-05
7.8401e-05
8.10407e-05
8.37118e-05
8.63843e-05
8.90281e-05
9.16131e-05
9.41101e-05
9.64907e-05
9.87277e-05
0.000100796
0.000102671
0.000104332
0.000105761
0.00010694
0.000107857
0.000108501
0.000108864
0.000108943
0.000108736
0.000108247
0.000107479
0.000106441
0.000105145
0.000103605
0.000101837
9.98616e-05
9.76991e-05
9.53732e-05
9.29092e-05
9.03337e-05
8.76745e-05
8.49603e-05
8.22203e-05
7.94842e-05
7.67815e-05
7.41414e-05
7.15926e-05
6.91628e-05
6.69168e-05
6.49098e-05
6.31309e-05
6.15756e-05
6.02585e-05
5.91917e-05
5.83847e-05
5.78443e-05
5.75748e-05
5.75773e-05
5.78503e-05
5.83897e-05
5.91882e-05
6.02362e-05
6.14796e-05
6.29214e-05
6.45914e-05
6.64721e-05
6.85432e-05
7.07826e-05
7.31659e-05
7.5667e-05
7.82582e-05
8.09108e-05
8.35953e-05
8.62815e-05
8.89392e-05
9.15384e-05
9.40498e-05
9.64449e-05
9.86967e-05
0.000100779
0.00010267
0.000104346
0.00010579
0.000106984
0.000107916
0.000108574
0.000108953
0.000109046
0.000108854
0.000108378
0.000107624
0.000106599
0.000105316
0.000103789
0.000102033
0.000100069
9.79176e-05
9.56021e-05
9.31478e-05
9.05813e-05
8.79304e-05
8.52237e-05
8.24906e-05
7.97604e-05
7.70629e-05
7.44272e-05
7.18819e-05
6.94547e-05
6.72105e-05
6.5204e-05
6.34248e-05
6.18684e-05
6.05493e-05
5.94797e-05
5.86692e-05
5.81245e-05
5.78499e-05
5.78467e-05
5.81133e-05
5.86456e-05
5.94364e-05
6.04761e-05
5.97562e-05
6.13054e-05
6.31057e-05
6.51385e-05
6.73822e-05
6.98128e-05
7.24039e-05
7.51272e-05
7.79525e-05
8.08482e-05
8.37819e-05
8.67204e-05
8.96304e-05
9.24785e-05
9.52322e-05
9.786e-05
0.000100331
0.000102618
0.000104694
0.000106534
0.000108119
0.000109428
0.000110448
0.000111166
0.000111574
0.000111667
0.000111443
0.000110905
0.000110058
0.000108912
0.000107478
0.000105773
0.000103813
0.000101622
9.92218e-05
9.66387e-05
9.39004e-05
9.10366e-05
8.80778e-05
8.50559e-05
8.20035e-05
7.89534e-05
7.59384e-05
7.29911e-05
7.01436e-05
6.74267e-05
6.49304e-05
6.27331e-05
6.08079e-05
5.91369e-05
5.77345e-05
5.66123e-05
5.57792e-05
5.5241e-05
5.50005e-05
5.50577e-05
5.54091e-05
5.60488e-05
5.69675e-05
5.81532e-05
5.95199e-05
6.10786e-05
6.2889e-05
6.49323e-05
6.71871e-05
6.96293e-05
7.22325e-05
7.49683e-05
7.78064e-05
8.07155e-05
8.36628e-05
8.66153e-05
8.95394e-05
9.2402e-05
9.51705e-05
9.78131e-05
0.0001003
0.000102602
0.000104693
0.000106549
0.000108148
0.000109473
0.000110508
0.000111242
0.000111665
0.000111773
0.000111564
0.00011104
0.000110208
0.000109075
0.000107655
0.000105962
0.000104016
0.000101836
9.94473e-05
9.6875e-05
9.41469e-05
9.12924e-05
8.83422e-05
8.53283e-05
8.22829e-05
7.9239e-05
7.62294e-05
7.32867e-05
7.04428e-05
6.77287e-05
6.52339e-05
6.30371e-05
6.11113e-05
5.94388e-05
5.80341e-05
5.69088e-05
5.60718e-05
5.5529e-05
5.52831e-05
5.53341e-05
5.56787e-05
5.63109e-05
5.72215e-05
5.83986e-05
5.73672e-05
5.90578e-05
6.10283e-05
6.32587e-05
6.57258e-05
6.84036e-05
7.1263e-05
7.4273e-05
7.74003e-05
8.06099e-05
8.38656e-05
8.71305e-05
9.03673e-05
9.35387e-05
9.6608e-05
9.95397e-05
0.0001023
0.000104856
0.000107178
0.000109239
0.000111015
0.000112485
0.000113632
0.000114442
0.000114904
0.000115014
0.00011477
0.000114173
0.00011323
0.00011195
0.000110347
0.000108438
0.000106244
0.000103787
0.000101095
9.81958e-05
9.51205e-05
9.1902e-05
8.85749e-05
8.51746e-05
8.17376e-05
7.83009e-05
7.49013e-05
7.15754e-05
6.83595e-05
6.52883e-05
6.24834e-05
6.00535e-05
5.79503e-05
5.6139e-05
5.46336e-05
5.34454e-05
5.25821e-05
5.20483e-05
5.18453e-05
5.1971e-05
5.24202e-05
5.31842e-05
5.42515e-05
5.56074e-05
5.71249e-05
5.88251e-05
6.08059e-05
6.30472e-05
6.55258e-05
6.82154e-05
7.10872e-05
7.411e-05
7.72505e-05
8.04736e-05
8.37433e-05
8.70225e-05
9.02739e-05
9.34601e-05
9.65445e-05
9.94915e-05
0.000102267
0.000104839
0.000107177
0.000109254
0.000111046
0.000112532
0.000113694
0.00011452
0.000114998
0.000115124
0.000114894
0.000114313
0.000113384
0.000112119
0.00011053
0.000108635
0.000106453
0.000104009
0.000101329
9.8441e-05
9.53762e-05
9.21676e-05
8.88495e-05
8.54575e-05
8.2028e-05
7.85977e-05
7.52037e-05
7.18827e-05
6.86705e-05
6.56022e-05
6.27989e-05
6.03691e-05
5.8265e-05
5.64518e-05
5.49438e-05
5.37521e-05
5.28845e-05
5.23456e-05
5.21366e-05
5.22557e-05
5.26976e-05
5.34537e-05
5.45124e-05
5.58591e-05
5.455e-05
5.64056e-05
5.85754e-05
6.10378e-05
6.37678e-05
6.67366e-05
6.99125e-05
7.32611e-05
7.67454e-05
8.03264e-05
8.39635e-05
8.76154e-05
9.12398e-05
9.47948e-05
9.82388e-05
0.000101531
0.000104634
0.00010751
0.000110125
0.000112449
0.000114453
0.000116113
0.00011741
0.000118329
0.000118856
0.000118987
0.000118717
0.00011805
0.000116992
0.000115553
0.000113749
0.000111599
0.000109125
0.000106354
0.000103315
0.00010004
9.65639e-05
9.29242e-05
8.91594e-05
8.53094e-05
8.14154e-05
7.7519e-05
7.3662e-05
6.98857e-05
6.62312e-05
6.27381e-05
5.95668e-05
5.68629e-05
5.4552e-05
5.25777e-05
5.09539e-05
4.96906e-05
4.87946e-05
4.82689e-05
4.81129e-05
4.83222e-05
4.8889e-05
4.98022e-05
5.10469e-05
5.26053e-05
5.43007e-05
5.61664e-05
5.83468e-05
6.08204e-05
6.3562e-05
6.6543e-05
6.97317e-05
7.30934e-05
7.65912e-05
8.01862e-05
8.38377e-05
8.75041e-05
9.11435e-05
9.47137e-05
9.81732e-05
0.000101482
0.0001046
0.000107492
0.000110124
0.000112463
0.000114484
0.000116161
0.000117474
0.000118409
0.000118953
0.0001191
0.000118846
0.000118195
0.000117152
0.000115728
0.000113939
0.000111803
0.000109343
0.000106585
0.000103558
0.000100295
9.68303e-05
9.3201e-05
8.94457e-05
8.56045e-05
8.17183e-05
7.78288e-05
7.39776e-05
7.02064e-05
6.65559e-05
6.30658e-05
5.9896e-05
5.7192e-05
5.48797e-05
5.29032e-05
5.12762e-05
5.00089e-05
4.91081e-05
4.85767e-05
4.84142e-05
4.86164e-05
4.91754e-05
5.008e-05
5.13156e-05
5.28644e-05
5.13067e-05
5.33503e-05
5.57478e-05
5.8476e-05
6.15075e-05
6.48111e-05
6.83516e-05
7.20907e-05
7.59873e-05
7.99977e-05
8.40763e-05
8.81762e-05
9.22499e-05
9.62496e-05
0.000100128
0.00010384
0.00010734
0.000110587
0.000113542
0.00011617
0.000118438
0.000120319
0.000121791
0.000122834
0.000123437
0.00012359
0.000123291
0.000122542
0.000121349
0.000119726
0.000117688
0.000115257
0.000112458
0.000109321
0.000105879
0.000102168
9.82275e-05
9.40989e-05
8.98259e-05
8.5454e-05
8.10294e-05
7.65993e-05
7.2211e-05
6.79116e-05
6.37473e-05
5.97635e-05
5.61677e-05
5.31498e-05
5.0603e-05
4.84447e-05
4.66882e-05
4.53425e-05
4.44128e-05
4.39003e-05
4.38019e-05
4.41109e-05
4.48165e-05
4.59042e-05
4.73557e-05
4.91496e-05
5.10498e-05
5.31037e-05
5.55122e-05
5.82519e-05
6.12956e-05
6.46117e-05
6.81652e-05
7.19179e-05
7.58284e-05
7.98531e-05
8.39464e-05
8.80614e-05
9.21504e-05
9.61658e-05
0.00010006
0.000103788
0.000107305
0.000110568
0.00011354
0.000116184
0.00011847
0.000120368
0.000121857
0.000122917
0.000123537
0.000123707
0.000123425
0.000122692
0.000121516
0.000119908
0.000117885
0.000115469
0.000112685
0.000109562
0.000106133
0.000102435
9.85059e-05
9.43883e-05
9.01255e-05
8.57627e-05
8.13464e-05
7.69236e-05
7.25415e-05
6.82473e-05
6.40873e-05
6.01066e-05
5.65122e-05
5.34939e-05
5.09453e-05
4.87842e-05
4.7024e-05
4.56738e-05
4.47387e-05
4.42199e-05
4.41145e-05
4.44157e-05
4.51128e-05
4.61913e-05
4.76331e-05
4.94168e-05
4.76368e-05
4.98906e-05
5.25436e-05
5.55709e-05
5.89427e-05
6.26246e-05
6.65778e-05
7.076e-05
7.51248e-05
7.96234e-05
8.42044e-05
8.88147e-05
9.34005e-05
9.79074e-05
0.000102282
0.000106471
0.000110425
0.000114096
0.000117438
0.000120412
0.000122981
0.000125114
0.000126784
0.000127969
0.000128656
0.000128834
0.0001285
0.000127656
0.00012631
0.000124474
0.000122168
0.000119416
0.000116246
0.000112691
0.000108789
0.00010458
0.000100109
9.54226e-05
9.05699e-05
8.56023e-05
8.05722e-05
7.5533e-05
7.05382e-05
6.56413e-05
6.08948e-05
5.63503e-05
5.22711e-05
4.88999e-05
4.60904e-05
4.37287e-05
4.18269e-05
4.03929e-05
3.943e-05
3.8937e-05
3.89083e-05
3.93341e-05
4.02004e-05
4.14888e-05
4.31772e-05
4.524e-05
4.73716e-05
4.96362e-05
5.23005e-05
5.53397e-05
5.8724e-05
6.24188e-05
6.63855e-05
7.05816e-05
7.49607e-05
7.94741e-05
8.40701e-05
8.8696e-05
9.32975e-05
9.78206e-05
0.000102211
0.000106417
0.000110388
0.000114076
0.000117436
0.000120427
0.000123014
0.000125164
0.000126852
0.000128055
0.00012876
0.000128956
0.000128639
0.000127812
0.000126483
0.000124664
0.000122374
0.000119638
0.000116483
0.000112943
0.000109055
0.00010486
0.000100401
9.57259e-05
9.08839e-05
8.59261e-05
8.09047e-05
7.58732e-05
7.08851e-05
6.59937e-05
6.12516e-05
5.67104e-05
5.26326e-05
4.92605e-05
4.64488e-05
4.40837e-05
4.21777e-05
4.07384e-05
3.97694e-05
3.92694e-05
3.9233e-05
3.96503e-05
4.05074e-05
4.1786e-05
4.34641e-05
4.55159e-05
4.35382e-05
4.60237e-05
4.89595e-05
5.23188e-05
5.60692e-05
6.01731e-05
6.45878e-05
6.92658e-05
7.41558e-05
7.92025e-05
8.43481e-05
8.95327e-05
9.46949e-05
9.9773e-05
0.000104706
0.000109434
0.000113899
0.000118046
0.000121825
0.000125189
0.000128097
0.000130511
0.000132403
0.000133747
0.000134527
0.000134732
0.000134357
0.000133404
0.000131883
0.000129807
0.000127198
0.000124083
0.000120494
0.000116468
0.000112047
0.000107277
0.000102208
9.68926e-05
9.13868e-05
8.57482e-05
8.00362e-05
7.43108e-05
6.86329e-05
6.30628e-05
5.76602e-05
5.24834e-05
4.78614e-05
4.40984e-05
4.10009e-05
3.84176e-05
3.63595e-05
3.48326e-05
3.38381e-05
3.33722e-05
3.34263e-05
3.39871e-05
3.50367e-05
3.65529e-05
3.85091e-05
4.08747e-05
4.32642e-05
4.57609e-05
4.87084e-05
5.208e-05
5.58433e-05
5.99606e-05
6.43892e-05
6.90816e-05
7.39862e-05
7.90481e-05
8.42093e-05
8.94097e-05
9.45882e-05
9.96829e-05
0.000104633
0.000109378
0.00011386
0.000118025
0.000121822
0.000125204
0.00012813
0.000130563
0.000132473
0.000133836
0.000134635
0.000134858
0.000134501
0.000133567
0.000132063
0.000130005
0.000127413
0.000124315
0.000120742
0.000116731
0.000112325
0.000107569
0.000102514
9.72109e-05
9.17166e-05
8.60884e-05
8.03856e-05
7.46685e-05
6.89976e-05
6.34333e-05
5.80353e-05
5.2862e-05
4.82413e-05
4.4477e-05
4.13767e-05
3.87894e-05
3.67263e-05
3.51935e-05
3.41921e-05
3.37184e-05
3.3764e-05
3.43156e-05
3.53553e-05
3.68609e-05
3.88059e-05
4.116e-05
3.90082e-05
4.17461e-05
4.49912e-05
4.8715e-05
5.28823e-05
5.74521e-05
6.23772e-05
6.76049e-05
7.30777e-05
7.87338e-05
8.45078e-05
9.03319e-05
9.61367e-05
0.000101852
0.000107408
0.000112736
0.000117771
0.00012245
0.000126716
0.000130514
0.000133797
0.000136525
0.000138662
0.000140182
0.000141064
0.000141296
0.000140873
0.000139797
0.000138078
0.000135732
0.000132784
0.000129263
0.000125205
0.000120653
0.000115653
0.000110257
0.000104522
9.85057e-05
9.2272e-05
8.58857e-05
7.94137e-05
7.29238e-05
6.64845e-05
6.0164e-05
5.40298e-05
4.81479e-05
4.29232e-05
3.87306e-05
3.53212e-05
3.24997e-05
3.02754e-05
2.86524e-05
2.76292e-05
2.7199e-05
2.73499e-05
2.80647e-05
2.93213e-05
3.1093e-05
3.33482e-05
3.60512e-05
3.87249e-05
4.14744e-05
4.47317e-05
4.84683e-05
5.2649e-05
5.72326e-05
6.2172e-05
6.74144e-05
7.29024e-05
7.85741e-05
8.43641e-05
9.02046e-05
9.6026e-05
0.000101758
0.000107332
0.000112678
0.000117731
0.000122428
0.000126712
0.000130529
0.000133831
0.000136578
0.000138734
0.000140273
0.000141175
0.000141426
0.000141022
0.000139965
0.000138265
0.000135938
0.000133008
0.000129505
0.000125465
0.000120929
0.000115945
0.000110564
0.000104843
9.88402e-05
9.26187e-05
8.62435e-05
7.97814e-05
7.33002e-05
6.68683e-05
6.05541e-05
5.44248e-05
4.85464e-05
4.33229e-05
3.91285e-05
3.57156e-05
3.28893e-05
3.06593e-05
2.90296e-05
2.79987e-05
2.756e-05
2.77015e-05
2.84062e-05
2.96521e-05
3.14124e-05
3.36556e-05
3.63463e-05
3.40437e-05
3.70538e-05
4.06342e-05
4.47544e-05
4.93768e-05
5.44564e-05
5.99413e-05
6.57731e-05
7.18877e-05
7.82157e-05
8.46835e-05
9.12143e-05
9.77295e-05
0.000104149
0.000110395
0.000116387
0.000122053
0.00012732
0.000132122
0.000136399
0.000140097
0.000143169
0.000145575
0.000147286
0.000148278
0.000148538
0.000148058
0.000146843
0.000144904
0.000142258
0.000138932
0.000134961
0.000130385
0.00012525
0.000119609
0.000113521
0.000107049
0.000100259
9.32208e-05
8.60086e-05
7.86971e-05
7.13627e-05
6.40825e-05
5.69332e-05
4.99909e-05
4.33297e-05
3.7442e-05
3.27831e-05
2.90392e-05
2.59642e-05
2.35654e-05
2.18443e-05
2.07965e-05
2.04117e-05
2.06742e-05
2.15626e-05
2.30504e-05
2.51056e-05
2.76916e-05
3.0767e-05
3.37509e-05
3.6773e-05
4.0366e-05
4.44995e-05
4.91356e-05
5.42295e-05
5.97292e-05
6.55763e-05
7.17065e-05
7.80505e-05
8.45347e-05
9.10824e-05
9.76147e-05
0.000104052
0.000110315
0.000116326
0.00012201
0.000127296
0.000132117
0.000136414
0.000140131
0.000143223
0.00014565
0.000147381
0.000148393
0.000148673
0.000148214
0.000147019
0.000145099
0.000142473
0.000139167
0.000135215
0.000130656
0.000125539
0.000119916
0.000113844
0.000107387
0.00010061
9.35856e-05
8.63852e-05
7.90843e-05
7.17592e-05
6.44869e-05
5.73442e-05
5.04069e-05
4.37495e-05
3.78628e-05
3.32015e-05
2.94534e-05
2.63729e-05
2.39675e-05
2.22388e-05
2.11824e-05
2.07881e-05
2.10404e-05
2.19178e-05
2.33939e-05
2.54369e-05
2.80101e-05
3.10723e-05
2.86424e-05
3.19434e-05
3.5884e-05
4.04321e-05
4.55472e-05
5.11805e-05
5.72751e-05
6.37664e-05
7.05828e-05
7.76466e-05
8.48751e-05
9.21817e-05
9.94772e-05
0.000106671
0.000113674
0.000120397
0.000126754
0.000132667
0.000138058
0.000142859
0.00014701
0.000150457
0.000153156
0.000155073
0.000156183
0.000156468
0.000155924
0.000154554
0.000152368
0.00014939
0.000145648
0.000141181
0.000136034
0.000130259
0.000123915
0.000117068
0.000109787
0.000102147
9.42279e-05
8.61103e-05
7.78788e-05
6.96189e-05
6.14171e-05
5.33596e-05
4.55315e-05
3.80162e-05
3.1405e-05
2.62442e-05
2.2145e-05
1.88028e-05
1.62225e-05
1.44025e-05
1.33349e-05
1.30059e-05
1.33955e-05
1.44778e-05
1.62211e-05
1.85884e-05
2.15372e-05
2.502e-05
2.83397e-05
3.16532e-05
3.56069e-05
4.01687e-05
4.52981e-05
5.09462e-05
5.70561e-05
6.3563e-05
7.03955e-05
7.74757e-05
8.47211e-05
9.20449e-05
9.9358e-05
0.00010657
0.000113591
0.000120332
0.000126709
0.000132641
0.000138052
0.000142873
0.000147044
0.000150512
0.000153232
0.000155171
0.000156301
0.000156608
0.000156086
0.000154736
0.000152572
0.000149615
0.000145894
0.000141446
0.000136319
0.000130562
0.000124237
0.000117407
0.000110142
0.000102518
9.46119e-05
8.6507e-05
7.82867e-05
7.00367e-05
6.18433e-05
5.37927e-05
4.59699e-05
3.84585e-05
3.18481e-05
2.66843e-05
2.258e-05
1.92315e-05
1.66436e-05
1.48151e-05
1.3738e-05
1.33986e-05
1.37769e-05
1.48472e-05
1.6578e-05
1.89321e-05
2.18672e-05
2.53359e-05
2.28025e-05
2.64119e-05
3.07366e-05
3.57432e-05
4.13884e-05
4.76193e-05
5.43738e-05
6.15804e-05
6.91596e-05
7.70246e-05
8.50825e-05
9.32355e-05
0.000101383
0.000109423
0.000117253
0.000124773
0.000131886
0.000138501
0.000144534
0.000149905
0.000154547
0.000158401
0.000161416
0.000163554
0.000164787
0.000165097
0.000164478
0.000162933
0.000160477
0.000157133
0.000152935
0.000147925
0.000142154
0.00013568
0.000128569
0.000120894
0.000112732
0.000104168
9.52879e-05
8.61845e-05
7.69512e-05
6.76839e-05
5.84791e-05
4.94331e-05
4.06411e-05
3.21962e-05
2.48015e-05
1.91046e-05
1.4631e-05
1.10096e-05
8.24212e-06
6.32361e-06
5.24236e-06
4.98023e-06
5.51274e-06
6.80917e-06
8.83268e-06
1.15405e-05
1.4884e-05
1.88093e-05
2.24895e-05
2.6112e-05
3.04504e-05
3.54713e-05
4.11313e-05
4.73775e-05
5.41476e-05
6.13704e-05
6.89661e-05
7.6848e-05
8.49231e-05
9.30938e-05
0.000101259
0.000109317
0.000117166
0.000124705
0.000131838
0.000138474
0.000144526
0.000149919
0.000154582
0.000158457
0.000161494
0.000163654
0.000164909
0.000165242
0.000164645
0.000163123
0.000160689
0.000157367
0.000153191
0.000148202
0.000142452
0.000135998
0.000128907
0.00012125
0.000113105
0.000104557
9.56922e-05
8.66022e-05
7.7381e-05
6.81242e-05
5.89283e-05
4.98895e-05
4.11031e-05
3.26623e-05
2.52681e-05
1.95675e-05
1.50879e-05
1.14592e-05
8.68322e-06
6.75512e-06
5.66328e-06
5.38966e-06
5.90988e-06
7.19331e-06
9.2032e-06
1.18968e-05
1.52257e-05
1.91361e-05
1.65232e-05
2.04572e-05
2.51889e-05
3.06836e-05
3.68955e-05
4.37677e-05
5.12323e-05
5.92108e-05
6.7615e-05
7.63479e-05
8.53053e-05
9.43774e-05
0.00010345
0.000112409
0.000121138
0.000129523
0.000137457
0.000144835
0.000151561
0.000157549
0.000162721
0.000167011
0.000170364
0.000172737
0.000174099
0.00017443
0.000173724
0.000171986
0.000169232
0.000165488
0.000160792
0.000155192
0.000148743
0.00014151
0.000133568
0.000124995
0.00011588
0.000106314
9.63948e-05
8.62244e-05
7.59072e-05
6.55499e-05
5.52601e-05
4.5145e-05
3.53107e-05
2.58608e-05
1.76232e-05
1.13579e-05
6.49282e-06
2.58195e-06
-3.76677e-07
-2.39214e-06
-3.48041e-06
-3.66416e-06
-2.97266e-06
-1.44175e-06
8.86255e-07
3.96264e-06
7.73248e-06
1.21351e-05
1.62e-05
2.01476e-05
2.48935e-05
3.0403e-05
3.66302e-05
4.35182e-05
5.0999e-05
5.89941e-05
6.74152e-05
7.61654e-05
8.51405e-05
9.42306e-05
0.000103322
0.000112299
0.000121047
0.000129453
0.000137406
0.000144805
0.000151552
0.000157562
0.000162756
0.000167068
0.000170444
0.00017284
0.000174225
0.00017458
0.000173897
0.000172183
0.000169452
0.000165732
0.000161059
0.000155481
0.000149055
0.000141844
0.000133922
0.000125369
0.000116272
0.000106723
9.68203e-05
8.66643e-05
7.636e-05
6.60139e-05
5.57334e-05
4.5626e-05
3.57975e-05
2.63517e-05
1.81143e-05
1.18446e-05
6.97252e-06
3.05331e-06
8.51069e-08
-1.94106e-06
-3.04103e-06
-3.23739e-06
-2.55931e-06
-1.04251e-06
1.2708e-06
4.33199e-06
8.08623e-06
1.24729e-05
9.80534e-06
1.40785e-05
1.92384e-05
2.52497e-05
3.20641e-05
3.96208e-05
4.7846e-05
5.66535e-05
6.59456e-05
7.56143e-05
8.55431e-05
9.56085e-05
0.000105683
0.000115635
0.000125336
0.000134657
0.000143476
0.000151676
0.00015915
0.0001658
0.00017154
0.000176297
0.000180008
0.000182628
0.000184122
0.00018447
0.000183665
0.000181713
0.000178632
0.000174453
0.000169217
0.000162977
0.000155796
0.000147746
0.000138907
0.000129368
0.000119225
0.00010858
9.75422e-05
8.62233e-05
7.47396e-05
6.32095e-05
5.17525e-05
4.04877e-05
2.9533e-05
1.90031e-05
9.86445e-06
3.0006e-06
-2.27063e-06
-6.47916e-06
-9.63142e-06
-1.17411e-05
-1.2829e-05
-1.29225e-05
-1.20561e-05
-1.02707e-05
-7.61443e-06
-4.14197e-06
8.51495e-08
4.99909e-06
9.47164e-06
1.3759e-05
1.89338e-05
2.49604e-05
3.17908e-05
3.93638e-05
4.76056e-05
5.64301e-05
6.57395e-05
7.5426e-05
8.53728e-05
9.54565e-05
0.000105549
0.000115521
0.000125241
0.000134583
0.000143422
0.000151643
0.000159139
0.000165811
0.000171574
0.000176354
0.000180089
0.000182733
0.000184252
0.000184624
0.000183844
0.000181917
0.000178861
0.000174707
0.000169496
0.00016328
0.000156123
0.000148095
0.000139278
0.00012976
0.000119637
0.000109011
9.799e-05
8.66865e-05
7.52165e-05
6.36983e-05
5.22511e-05
4.09944e-05
3.00457e-05
1.95199e-05
1.03812e-05
3.51205e-06
-1.76726e-06
-5.98526e-06
-9.14826e-06
-1.12698e-05
-1.23706e-05
-1.2478e-05
-1.16261e-05
-9.85603e-06
-7.21558e-06
-3.75941e-06
4.51075e-07
5.34811e-06
2.6509e-06
7.27587e-06
1.28837e-05
1.94387e-05
2.68905e-05
3.51744e-05
4.42104e-05
5.39043e-05
6.41482e-05
7.4822e-05
8.57954e-05
9.693e-05
0.000108082
0.000119105
0.000129852
0.00014018
0.00014995
0.000159033
0.000167307
0.000174665
0.00018101
0.000186262
0.000190352
0.00019323
0.000194859
0.000195217
0.000194299
0.00019211
0.000188674
0.000184023
0.000178204
0.000171277
0.000163309
0.00015438
0.000144579
0.000134004
0.00012276
0.00011096
9.87236e-05
8.61747e-05
7.34418e-05
6.06561e-05
4.79498e-05
3.54551e-05
2.33023e-05
1.16183e-05
1.52228e-06
-5.96762e-06
-1.1657e-05
-1.61692e-05
-1.95157e-05
-2.17157e-05
-2.27951e-05
-2.27865e-05
-2.17294e-05
-1.96703e-05
-1.66629e-05
-1.27679e-05
-8.0536e-06
-2.59514e-06
2.30671e-06
6.94655e-06
1.25699e-05
1.91408e-05
2.66091e-05
3.49097e-05
4.39629e-05
5.36742e-05
6.39359e-05
7.46277e-05
8.56195e-05
9.67728e-05
0.000107944
0.000118986
0.000129753
0.000140102
0.000149893
0.000158998
0.000167294
0.000174675
0.000181044
0.000186319
0.000190434
0.000193337
0.000194992
0.000195376
0.000194483
0.000192321
0.000188911
0.000184287
0.000178494
0.000171592
0.00016365
0.000154745
0.000144968
0.000134415
0.000123193
0.000111413
9.91946e-05
8.66622e-05
7.39439e-05
6.11707e-05
4.84749e-05
3.59886e-05
2.3842e-05
1.21621e-05
2.06559e-06
-5.43054e-06
-1.11292e-05
-1.5652e-05
-1.90106e-05
-2.12237e-05
-2.23172e-05
-2.23237e-05
-2.12825e-05
-1.924e-05
-1.62495e-05
-1.2372e-05
-7.67538e-06
-2.23484e-06
-4.93645e-06
5.10709e-08
6.12462e-06
1.32487e-05
2.13715e-05
3.04244e-05
4.03213e-05
5.09594e-05
6.22197e-05
7.39689e-05
8.60616e-05
9.83429e-05
0.000110651
0.000122822
0.000134692
0.000146098
0.000156886
0.000166912
0.00017604
0.00018415
0.000191136
0.00019691
0.000201397
0.000204542
0.000206306
0.000206667
0.000205619
0.000203172
0.000199349
0.00019419
0.000187745
0.00018008
0.00017127
0.000161403
0.000150576
0.000138896
0.000126478
0.000113446
9.99321e-05
8.6072e-05
7.20076e-05
5.78836e-05
4.38464e-05
3.00421e-05
1.66146e-05
3.7038e-06
-7.40361e-06
-1.5544e-05
-2.16605e-05
-2.64796e-05
-3.00192e-05
-3.23043e-05
-3.33665e-05
-3.32438e-05
-3.1981e-05
-2.963e-05
-2.62497e-05
-2.19072e-05
-1.66772e-05
-1.06424e-05
-5.29111e-06
-2.88036e-07
5.80164e-06
1.29423e-05
2.10822e-05
3.01524e-05
4.00669e-05
5.07228e-05
6.20012e-05
7.37687e-05
8.58801e-05
9.81804e-05
0.000110508
0.000122699
0.000134589
0.000146016
0.000156826
0.000166874
0.000176024
0.000184158
0.000191169
0.000196967
0.00020148
0.000204651
0.000206442
0.00020683
0.00020581
0.00020339
0.000199595
0.000194464
0.000188047
0.000180409
0.000171627
0.000161786
0.000150984
0.000139327
0.000126932
0.000113922
0.000100427
8.65848e-05
7.25359e-05
5.84252e-05
4.43991e-05
3.06035e-05
1.71824e-05
4.27562e-06
-6.83282e-06
-1.49804e-05
-2.11075e-05
-2.59386e-05
-2.94915e-05
-3.17911e-05
-3.28687e-05
-3.27625e-05
-3.15169e-05
-2.91837e-05
-2.58217e-05
-2.14977e-05
-1.62866e-05
-1.02707e-05
-1.29514e-05
-7.59293e-06
-1.03808e-06
6.67871e-06
1.55047e-05
2.53675e-05
3.61751e-05
4.78152e-05
6.01571e-05
7.30531e-05
8.63411e-05
9.9848e-05
0.000113393
0.000126792
0.00013986
0.000152417
0.00016429
0.000175318
0.000185351
0.000194257
0.000201919
0.00020824
0.00021314
0.00021656
0.000218458
0.000218813
0.000217618
0.000214887
0.000210647
0.000204941
0.000197827
0.000189376
0.00017967
0.000168806
0.000156888
0.000144034
0.00013037
0.000116031
0.000101161
8.59091e-05
7.04312e-05
5.4887e-05
3.94379e-05
2.42452e-05
9.4676e-06
-4.74101e-06
-1.69111e-05
-2.57226e-05
-3.22718e-05
-3.73983e-05
-4.11275e-05
-4.34911e-05
-4.45268e-05
-4.42783e-05
-4.27956e-05
-4.01356e-05
-3.63625e-05
-3.15491e-05
-2.57768e-05
-1.91354e-05
-1.33165e-05
-7.94173e-06
-1.37005e-06
6.36399e-06
1.52075e-05
2.50882e-05
3.59138e-05
4.75722e-05
5.99325e-05
7.28471e-05
8.61541e-05
9.96802e-05
0.000113245
0.000126664
0.000139752
0.00015233
0.000164226
0.000175276
0.000185333
0.000194263
0.00020195
0.000208297
0.000213224
0.000216671
0.000218597
0.00021898
0.000217814
0.000215112
0.000210901
0.000205225
0.000198141
0.000189718
0.000180042
0.000169205
0.000157314
0.000144486
0.000130847
0.000116531
0.000101681
8.64482e-05
7.09868e-05
5.54566e-05
4.00191e-05
2.48354e-05
1.00643e-05
-4.14029e-06
-1.63119e-05
-2.51319e-05
-3.1693e-05
-3.68329e-05
-4.05767e-05
-4.29562e-05
-4.40088e-05
-4.37782e-05
-4.23141e-05
-3.96731e-05
-3.59197e-05
-3.11262e-05
-2.53738e-05
-1.87525e-05
-2.13872e-05
-1.56517e-05
-8.60234e-06
-2.71329e-07
9.28823e-06
2.00009e-05
3.17682e-05
4.44683e-05
5.79576e-05
7.20728e-05
8.66334e-05
0.000101446
0.000116309
0.000131015
0.000145359
0.00015914
0.000172165
0.000184254
0.000195244
0.000204987
0.000213358
0.000220249
0.000225576
0.000229276
0.000231306
0.000231642
0.000230282
0.000227242
0.000222552
0.000216262
0.000208435
0.000199149
0.000188494
0.000176574
0.000163503
0.000149409
0.000134428
0.000118708
0.000102404
8.56801e-05
6.87076e-05
5.16617e-05
3.47204e-05
1.80616e-05
1.86011e-06
-1.37151e-05
-2.69956e-05
-3.6495e-05
-4.34784e-05
-4.89094e-05
-5.28222e-05
-5.52561e-05
-5.62555e-05
-5.58698e-05
-5.4154e-05
-5.11696e-05
-4.69858e-05
-4.16805e-05
-3.53413e-05
-2.80653e-05
-2.17626e-05
-1.60101e-05
-8.94312e-06
-5.9419e-07
8.98355e-06
1.97146e-05
3.15003e-05
4.4219e-05
5.77271e-05
7.18611e-05
8.64408e-05
0.000101273
0.000116155
0.000130882
0.000145247
0.000159049
0.000172096
0.000184209
0.000195222
0.000204991
0.000213387
0.000220305
0.00022566
0.000229388
0.000231447
0.000231813
0.000230483
0.000227473
0.000222815
0.000216556
0.000208761
0.000199505
0.000188881
0.000176991
0.000163949
0.000149883
0.000134928
0.000119232
0.00010295
8.62465e-05
6.92915e-05
5.22605e-05
3.53313e-05
1.86817e-05
2.48678e-06
-1.30846e-05
-2.63674e-05
-3.58765e-05
-4.28731e-05
-4.8319e-05
-5.2248e-05
-5.46992e-05
-5.5717e-05
-5.53506e-05
-5.36548e-05
-5.06909e-05
-4.65281e-05
-4.1244e-05
-3.4926e-05
-2.76711e-05
-3.02351e-05
-2.41195e-05
-1.6565e-05
-7.60057e-06
2.72119e-06
1.43222e-05
2.70977e-05
4.09157e-05
5.56189e-05
7.10264e-05
8.69379e-05
0.000103138
0.000119401
0.000135496
0.000151194
0.000166271
0.000180513
0.000193722
0.000205717
0.000216338
0.000225447
0.000232931
0.000238697
0.000242679
0.000244834
0.000245139
0.000243594
0.000240217
0.000235046
0.000228134
0.000219551
0.000209382
0.000197725
0.000184693
0.000170409
0.000155009
0.000138643
0.000121468
0.000103654
8.53799e-05
6.68326e-05
4.82045e-05
2.96915e-05
1.14898e-05
-6.2078e-06
-2.32158e-05
-3.7651e-05
-4.78501e-05
-5.52646e-05
-6.09935e-05
-6.50811e-05
-6.75755e-05
-6.85281e-05
-6.79942e-05
-6.60333e-05
-6.27111e-05
-5.8101e-05
-5.22854e-05
-4.53573e-05
-3.7421e-05
-3.06207e-05
-2.44872e-05
-1.69143e-05
-7.93131e-06
2.40924e-06
1.40292e-05
2.68235e-05
4.06605e-05
5.53826e-05
7.08091e-05
8.67399e-05
0.000102959
0.000119242
0.000135358
0.000151077
0.000166175
0.00018044
0.000193673
0.000205692
0.000216339
0.000225475
0.000232986
0.00023878
0.000242792
0.000244977
0.000245313
0.0002438
0.000240456
0.000235317
0.000228438
0.000219888
0.000209752
0.000198128
0.000185128
0.000170875
0.000155505
0.000139166
0.000122017
0.000104227
8.59746e-05
6.74458e-05
4.88333e-05
3.0333e-05
1.21408e-05
-5.5503e-06
-2.25548e-05
-3.69929e-05
-4.72031e-05
-5.46324e-05
-6.03778e-05
-6.44831e-05
-6.69963e-05
-6.79689e-05
-6.74557e-05
-6.55163e-05
-6.22162e-05
-5.76284e-05
-5.18353e-05
-4.49298e-05
-3.70158e-05
-3.94853e-05
-3.29891e-05
-2.49217e-05
-1.53073e-05
-4.19677e-06
8.32972e-06
2.21611e-05
3.71548e-05
5.31385e-05
6.99125e-05
8.72545e-05
0.000104924
0.00012267
0.000140236
0.000157366
0.000173811
0.000189335
0.000203721
0.000216769
0.000228306
0.000238182
0.000246274
0.000252488
0.000256754
0.000259026
0.000259285
0.000257533
0.000253792
0.000248106
0.000240534
0.000231153
0.000220055
0.000207347
0.000193147
0.000177591
0.000160823
0.000143004
0.000124304
0.000104906
8.50041e-05
6.48027e-05
4.45125e-05
2.43492e-05
4.52914e-06
-1.47352e-05
-3.32398e-05
-4.88693e-05
-5.97746e-05
-6.76122e-05
-7.36281e-05
-7.78786e-05
-8.04216e-05
-8.13163e-05
-8.06235e-05
-7.8407e-05
-7.47359e-05
-6.96866e-05
-6.33451e-05
-5.58094e-05
-4.71898e-05
-3.98808e-05
-3.33659e-05
-2.52793e-05
-1.56456e-05
-4.51567e-06
8.03021e-06
2.18808e-05
3.68938e-05
5.28966e-05
6.96898e-05
8.7051e-05
0.00010474
0.000122506
0.000140093
0.000157243
0.000173711
0.000189258
0.000203667
0.000216741
0.000228303
0.000238207
0.000246328
0.000252571
0.000256867
0.000259171
0.000259463
0.000257743
0.000254037
0.000248385
0.000240848
0.000231502
0.000220439
0.000207765
0.0001936
0.000178077
0.000161341
0.000143552
0.000124879
0.000105507
8.5628e-05
6.54462e-05
4.51725e-05
2.50223e-05
5.21191e-06
-1.4046e-05
-3.25474e-05
-4.81808e-05
-5.90986e-05
-6.69527e-05
-7.29866e-05
-7.72564e-05
-7.98199e-05
-8.07361e-05
-8.00656e-05
-7.78721e-05
-7.42246e-05
-6.91991e-05
-6.28816e-05
-5.53697e-05
-4.67737e-05
-4.91259e-05
-4.22521e-05
-3.3667e-05
-2.33888e-05
-1.14653e-05
2.02218e-06
1.69563e-05
3.31833e-05
5.05147e-05
6.87301e-05
8.75828e-05
0.000106806
0.000126119
0.000145237
0.000163876
0.000181761
0.000198632
0.000214249
0.000228395
0.000240882
0.00025155
0.000260268
0.000266935
0.000271481
0.000273861
0.000274057
0.000272074
0.000267942
0.000261707
0.000253438
0.000243218
0.000231146
0.000217337
0.000201919
0.000185034
0.000166839
0.000147502
0.000127208
0.000106154
8.45491e-05
6.26155e-05
4.05843e-05
1.86927e-05
-2.82055e-06
-2.37205e-05
-4.37826e-05
-6.06416e-05
-7.22538e-05
-8.05006e-05
-8.67878e-05
-9.11857e-05
-9.37633e-05
-9.45879e-05
-9.37261e-05
-9.12452e-05
-8.72164e-05
-8.17181e-05
-7.48387e-05
-6.66798e-05
-5.73573e-05
-4.95311e-05
-4.26377e-05
-3.40326e-05
-2.37343e-05
-1.17907e-05
1.71658e-06
1.66703e-05
3.29168e-05
5.02675e-05
6.85021e-05
8.73741e-05
0.000106617
0.00012595
0.000145088
0.000163749
0.000181656
0.00019855
0.000214191
0.000228362
0.000240876
0.000251572
0.000260319
0.000267017
0.000271595
0.000274007
0.000274237
0.000272289
0.000268192
0.000261994
0.000253762
0.000243579
0.000231544
0.000217772
0.00020239
0.000185541
0.000167379
0.000148075
0.000127811
0.000106784
8.52033e-05
6.32905e-05
4.12764e-05
1.93983e-05
-2.10509e-06
-2.29988e-05
-4.30582e-05
-5.99221e-05
-7.15484e-05
-7.98135e-05
-8.61203e-05
-9.05391e-05
-9.31388e-05
-9.39865e-05
-9.31486e-05
-9.06923e-05
-8.66887e-05
-8.12158e-05
-7.43618e-05
-6.62281e-05
-5.69304e-05
-5.9144e-05
-5.18987e-05
-4.27946e-05
-3.18417e-05
-1.90832e-05
-4.60104e-06
1.14817e-05
2.89995e-05
4.7746e-05
6.74784e-05
8.79231e-05
0.000108784
0.000129749
0.000150501
0.000170727
0.000190122
0.000208401
0.000225301
0.000240588
0.000254057
0.000265539
0.000274894
0.000282018
0.000286839
0.000289314
0.000289428
0.00028719
0.000282637
0.000275821
0.000266819
0.000255719
0.000242631
0.000227675
0.000210989
0.000192723
0.000173043
0.000152128
0.000130175
0.000107395
8.40126e-05
6.02699e-05
3.64192e-05
1.27217e-05
-1.05587e-05
-3.31619e-05
-5.48398e-05
-7.29585e-05
-8.52715e-05
-9.39075e-05
-0.000100445
-0.00010497
-0.000107566
-0.000108308
-0.000107267
-0.000104514
-0.000100122
-9.41683e-05
-8.67427e-05
-7.79488e-05
-6.79071e-05
-5.95586e-05
-5.22927e-05
-4.31678e-05
-3.2194e-05
-1.94149e-05
-4.91233e-06
1.11904e-05
2.87278e-05
4.74937e-05
6.72452e-05
8.77091e-05
0.000108589
0.000129574
0.000150347
0.000170594
0.000190011
0.000208314
0.000225238
0.000240551
0.000254048
0.000265558
0.000274943
0.000282099
0.000286953
0.000289462
0.00028961
0.000287409
0.000282893
0.000276116
0.000267152
0.000256092
0.000243043
0.000228126
0.000211479
0.000193251
0.000173607
0.000152727
0.000130806
0.000108054
8.4698e-05
6.09772e-05
3.71446e-05
1.34609e-05
-9.80973e-06
-3.2407e-05
-5.40828e-05
-7.22076e-05
-8.45364e-05
-9.31924e-05
-9.97511e-05
-0.000104299
-0.000106918
-0.000107685
-0.00010667
-0.000103944
-9.95779e-05
-9.36512e-05
-8.62525e-05
-7.74853e-05
-6.74697e-05
-6.95251e-05
-6.1918e-05
-5.22971e-05
-4.06617e-05
-2.7049e-05
-1.154e-05
5.73631e-06
2.46019e-05
4.48314e-05
6.61569e-05
8.82757e-05
0.000110858
0.00013356
0.000156029
0.000177917
0.000198892
0.000218639
0.000236873
0.000253339
0.00026782
0.000280133
0.000290134
0.000297715
0.000302803
0.000305357
0.000305368
0.00030285
0.000297846
0.000290417
0.000280645
0.000268629
0.000254483
0.000238338
0.000220338
0.000200641
0.000179423
0.000156874
0.000133199
0.000108625
8.33935e-05
5.77658e-05
3.20178e-05
6.43686e-06
-1.86846e-05
-4.30575e-05
-6.6407e-05
-8.58104e-05
-9.8811e-05
-0.000107809
-0.000114569
-0.000119198
-0.000121792
-0.000122437
-0.000121208
-0.000118179
-0.000113419
-0.000107008
-9.90312e-05
-8.95947e-05
-7.88216e-05
-6.99489e-05
-6.23202e-05
-5.26774e-05
-4.10204e-05
-2.73864e-05
-1.18566e-05
5.44007e-06
2.43254e-05
4.45742e-05
6.59188e-05
8.80566e-05
0.000110658
0.000133379
0.000155868
0.000177778
0.000198775
0.000218546
0.000236804
0.000253297
0.000267805
0.000280148
0.00029018
0.000297793
0.000302915
0.000305505
0.000305552
0.000303073
0.000298108
0.000290719
0.000280988
0.000269013
0.000254909
0.000238805
0.000220846
0.000201191
0.000180011
0.000157498
0.000133858
0.000109315
8.4111e-05
5.85066e-05
3.27774e-05
7.21058e-06
-1.79012e-05
-4.22687e-05
-6.56169e-05
-8.50277e-05
-9.8046e-05
-0.000107066
-0.000113849
-0.000118502
-0.000121122
-0.000121792
-0.000120591
-0.00011759
-0.000112859
-0.000106476
-9.8528e-05
-8.91196e-05
-7.83739e-05
-8.02536e-05
-7.22981e-05
-6.21661e-05
-4.98439e-05
-3.53604e-05
-1.87944e-05
-2.80492e-07
1.99898e-05
4.17704e-05
6.4766e-05
8.86414e-05
0.000113032
0.000137554
0.00016182
0.000185447
0.000208068
0.000229341
0.000248955
0.000266637
0.000282153
0.000295313
0.000305964
0.000313998
0.000319342
0.00032196
0.000321845
0.000319021
0.000313536
0.000305461
0.000294885
0.000281916
0.000266675
0.000249301
0.000229944
0.000208773
0.000185968
0.000161729
0.000136274
0.000109842
8.26919e-05
5.51048e-05
2.73819e-05
-1.60252e-07
-2.71969e-05
-5.34058e-05
-7.84807e-05
-9.91882e-05
-0.000112855
-0.00012218
-0.000129129
-0.000133832
-0.000136402
-0.000136934
-0.000135509
-0.000132198
-0.000127072
-0.000120203
-0.000111677
-0.000101594
-9.00815e-05
-8.06862e-05
-7.2708e-05
-6.25532e-05
-5.02085e-05
-3.5703e-05
-1.91157e-05
-5.81261e-07
1.97089e-05
4.15087e-05
6.45231e-05
8.84172e-05
0.000112826
0.000137368
0.000161654
0.000185302
0.000207945
0.000229241
0.000248881
0.000266589
0.000282134
0.000295324
0.000306007
0.000314075
0.000319454
0.000322108
0.000322031
0.000319246
0.000313803
0.000305769
0.000295237
0.000282311
0.000267114
0.000249784
0.000230472
0.000209343
0.00018658
0.000162381
0.000136963
0.000110564
8.34427e-05
5.58801e-05
2.81767e-05
6.48927e-07
-2.63783e-05
-5.25825e-05
-7.7657e-05
-9.83735e-05
-0.00011206
-0.000121409
-0.000128383
-0.000133112
-0.000135709
-0.000136268
-0.000134872
-0.000131591
-0.000126495
-0.000119657
-0.00011116
-0.000101108
-8.96239e-05
-9.13126e-05
-8.30261e-05
-7.23927e-05
-5.93828e-05
-4.40144e-05
-2.63631e-05
-6.56868e-06
1.5163e-05
3.85631e-05
6.33061e-05
8.90213e-05
0.000115305
0.000141733
0.000167877
0.000193315
0.000217647
0.0002405
0.000261538
0.000280468
0.000297041
0.000311058
0.000322361
0.000330841
0.000336427
0.000339087
0.000338823
0.000335664
0.000329669
0.000320917
0.000309505
0.000295548
0.000279178
0.000260538
0.000239788
0.0002171
0.000192664
0.000166687
0.000139398
0.000111047
8.19098e-05
5.22899e-05
2.25146e-05
-7.06741e-06
-3.60946e-05
-6.42059e-05
-9.10581e-05
-0.000113084
-0.000127388
-0.000136996
-0.000144093
-0.000148835
-0.000151354
-0.000151756
-0.000150125
-0.000146532
-0.000141042
-0.000133722
-0.000124649
-0.000113922
-0.000101666
-9.17537e-05
-8.34433e-05
-7.2786e-05
-5.97527e-05
-4.43617e-05
-2.66887e-05
-6.87352e-06
1.4878e-05
3.82971e-05
6.30587e-05
8.87922e-05
0.000115094
0.000141541
0.000167704
0.000193164
0.000217518
0.000240394
0.000261457
0.000280414
0.000297017
0.000311064
0.000322401
0.000330915
0.000336537
0.000339235
0.00033901
0.000335893
0.000329941
0.000321232
0.000309865
0.000295955
0.000279631
0.000261038
0.000240335
0.000217693
0.000193301
0.000167367
0.000140117
0.000111801
8.26949e-05
5.31007e-05
2.33456e-05
-6.22183e-06
-3.524e-05
-6.33475e-05
-9.02005e-05
-0.000112237
-0.000126563
-0.000136196
-0.00014332
-0.00014809
-0.000150638
-0.000151069
-0.000149468
-0.000145907
-0.000140449
-0.000133161
-0.00012412
-0.000113425
-0.000101199
-0.000102684
-9.40881e-05
-8.2967e-05
-6.9272e-05
-5.30077e-05
-3.42446e-05
-1.31276e-05
1.0122e-05
3.52102e-05
6.17786e-05
8.94171e-05
0.000117679
0.000146096
0.000174197
0.000201519
0.000227624
0.000252108
0.00027461
0.000294816
0.000312464
0.000327343
0.000339296
0.000348212
0.000354023
0.000356704
0.000356264
0.000352744
0.000346209
0.000336748
0.000324468
0.000309494
0.000291962
0.000272025
0.000249847
0.000225607
0.0001995
0.000171741
0.000142567
0.000112239
8.10508e-05
4.93258e-05
1.74203e-05
-1.42814e-05
-4.53762e-05
-7.54575e-05
-0.000104138
-0.000127491
-0.000142393
-0.00015223
-0.000159425
-0.000164166
-0.000166604
-0.000166857
-0.000165012
-0.000161137
-0.000155289
-0.000147526
-0.000137917
-0.000126552
-0.000113554
-0.000103134
-9.45121e-05
-8.33661e-05
-6.96468e-05
-5.33591e-05
-3.45739e-05
-1.34361e-05
9.8333e-06
3.49403e-05
6.15268e-05
8.91831e-05
0.000117463
0.000145898
0.000174018
0.000201361
0.000227488
0.000251996
0.000274523
0.000294756
0.000312434
0.000327345
0.000339332
0.000348282
0.000354131
0.000356851
0.000356452
0.000352975
0.000346484
0.000337069
0.000324837
0.000309911
0.000292429
0.000272541
0.000250412
0.000226221
0.000200162
0.000172449
0.000143316
0.000113027
8.18713e-05
5.01734e-05
1.82888e-05
-1.33985e-05
-4.44849e-05
-7.45636e-05
-0.000103247
-0.000126612
-0.000141538
-0.000151403
-0.000158627
-0.000163397
-0.000165865
-0.000166148
-0.000164336
-0.000160494
-0.00015468
-0.000146951
-0.000137375
-0.000126044
-0.000113077
-0.00011435
-0.00010547
-9.38787e-05
-7.9505e-05
-6.23364e-05
-4.24369e-05
-1.99562e-05
4.86772e-06
3.17131e-05
6.01852e-05
8.98308e-05
0.000120156
0.000150646
0.000180781
0.000210056
0.000237994
0.000264157
0.000288158
0.000309663
0.000328398
0.000344144
0.00035674
0.000366077
0.000372093
0.000374771
0.000374129
0.000370218
0.000363113
0.000352915
0.000339739
0.000323718
0.000304997
0.000283734
0.000260099
0.000234276
0.000206465
0.000176884
0.000145779
0.000113422
8.01204e-05
4.62194e-05
1.21054e-05
-2.17981e-05
-5.50404e-05
-8.71617e-05
-0.000117722
-0.000142405
-0.000157856
-0.000167859
-0.000175094
-0.000179786
-0.000182108
-0.000182191
-0.000180123
-0.000175967
-0.000169771
-0.000161579
-0.000151447
-0.000139457
-0.000125722
-0.000114807
-0.0001059
-9.42829e-05
-7.9884e-05
-6.26914e-05
-4.27694e-05
-2.02677e-05
4.57579e-06
3.14396e-05
5.99293e-05
8.9592e-05
0.000119935
0.000150442
0.000180596
0.000209891
0.00023785
0.000264037
0.000288064
0.000309597
0.000328362
0.00034414
0.000356771
0.000366144
0.000372199
0.000374917
0.000374318
0.000370451
0.000363392
0.000353242
0.000340115
0.000324145
0.000305476
0.000284266
0.000260684
0.000234913
0.000207152
0.000177621
0.000146561
0.000114244
8.09774e-05
4.71049e-05
1.30123e-05
-2.0877e-05
-5.41118e-05
-8.62319e-05
-0.000116796
-0.000141494
-0.000156971
-0.000167004
-0.00017427
-0.000178992
-0.000181346
-0.000181461
-0.000179427
-0.000175306
-0.000169145
-0.000160989
-0.000150893
-0.000138938
-0.000125237
-0.00012629
-0.000117155
-0.000105117
-9.00744e-05
-7.19961e-05
-5.09372e-05
-2.70523e-05
-5.97879e-07
2.80741e-05
5.85284e-05
9.02648e-05
0.000122739
0.000155383
0.000187628
0.000218922
0.000248748
0.000276634
0.000302166
0.000324991
0.00034482
0.000361431
0.000374659
0.000384401
0.0003906
0.000393249
0.000392377
0.000388046
0.000380343
0.000369379
0.000355279
0.000338186
0.000318252
0.000295639
0.000270523
0.000243091
0.000213547
0.000182112
0.000149036
0.000114601
7.9126e-05
4.29793e-05
6.57783e-06
-2.96123e-05
-6.50859e-05
-9.93206e-05
-0.000131813
-0.000157824
-0.000173764
-0.000183858
-0.000191065
-0.000195652
-0.00019782
-0.00019771
-0.00019541
-0.000190977
-0.000184444
-0.00017584
-0.000165206
-0.000152606
-0.000138147
-0.000126754
-0.000117592
-0.000105526
-9.0457e-05
-7.2354e-05
-5.12723e-05
-2.73664e-05
-8.92625e-07
2.77973e-05
5.82685e-05
9.00214e-05
0.000122512
0.000155173
0.000187436
0.00021875
0.000248597
0.000276507
0.000302064
0.000324917
0.000344778
0.000361421
0.000374685
0.000384464
0.000390703
0.000393394
0.000392566
0.00038828
0.000380625
0.000369711
0.000355663
0.000338624
0.000318744
0.000296187
0.000271127
0.000243751
0.00021426
0.000182878
0.00014985
0.000115458
8.00207e-05
4.39039e-05
7.52437e-06
-2.86519e-05
-6.41192e-05
-9.83545e-05
-0.000130853
-0.000156881
-0.00017285
-0.000182976
-0.000190215
-0.000194834
-0.000197035
-0.000196958
-0.000194694
-0.000190297
-0.000183802
-0.000175236
-0.00016464
-0.000152077
-0.000137653
-0.000138485
-0.00012913
-0.00011667
-0.000100973
-8.19819e-05
-5.97423e-05
-3.44136e-05
-6.27218e-06
2.42959e-05
5.68113e-05
9.07222e-05
0.000125428
0.000160307
0.000194735
0.000228112
0.000259879
0.000289527
0.000316617
0.000340776
0.000361705
0.000379173
0.000393021
0.000403146
0.000409504
0.000412097
0.000410965
0.000406184
0.000397855
0.000386098
0.000371051
0.000352864
0.000331695
0.000307713
0.000281097
0.000252037
0.000220736
0.000187419
0.000152338
0.00011578
7.80769e-05
3.96164e-05
8.47479e-07
-3.77173e-05
-7.55112e-05
-0.000111938
-0.000146416
-0.000173749
-0.000190105
-0.000200202
-0.000207304
-0.000211725
-0.000213695
-0.000213365
-0.000210825
-0.000206119
-0.000199264
-0.000190271
-0.000179157
-0.000165971
-0.000150804
-0.000138956
-0.000129571
-0.000117083
-0.000101358
-8.23421e-05
-6.00794e-05
-3.47297e-05
-6.56931e-06
2.40162e-05
5.65477e-05
9.04742e-05
0.000125196
0.000160091
0.000194536
0.000227933
0.00025972
0.000289392
0.000316508
0.000340696
0.000361655
0.000379158
0.000393041
0.000403205
0.000409604
0.000412239
0.000411153
0.00040642
0.00039814
0.000386435
0.000371442
0.00035331
0.000332199
0.000308276
0.00028172
0.000252719
0.000221476
0.000188215
0.000153185
0.000116674
7.90105e-05
4.05814e-05
1.83483e-06
-3.67167e-05
-7.45059e-05
-0.000110935
-0.000145422
-0.000172774
-0.000189162
-0.000199294
-0.000206429
-0.000210883
-0.000212887
-0.000212592
-0.000210089
-0.00020542
-0.000198605
-0.000189652
-0.000178579
-0.000165432
-0.000150301
-0.000150913
-0.000141376
-0.000128527
-0.000112192
-9.22886e-05
-6.88484e-05
-4.20364e-05
-1.21517e-05
2.03825e-05
5.50379e-05
9.12063e-05
0.000128228
0.000165419
0.000202101
0.000237622
0.000271376
0.000302823
0.000331493
0.000356997
0.000379023
0.00039734
0.000411788
0.000422275
0.000428764
0.00043127
0.00042985
0.000424591
0.000415608
0.000403034
0.000387017
0.000367715
0.000345295
0.00031993
0.0002918
0.000261096
0.000228023
0.000192802
0.000155687
0.000116967
7.69845e-05
3.61438e-05
-5.0735e-06
-4.61052e-05
-8.63147e-05
-0.000125019
-0.000161542
-0.000190183
-0.000206871
-0.00021687
-0.000223777
-0.000227963
-0.000229686
-0.00022911
-0.000226319
-0.000221346
-0.000214187
-0.000204828
-0.000193265
-0.000179521
-0.000163667
-0.00015139
-0.000141822
-0.000128943
-0.00011258
-9.26504e-05
-6.91869e-05
-4.2354e-05
-1.24508e-05
2.01001e-05
5.47708e-05
9.09538e-05
0.00012799
0.000165197
0.000201895
0.000237434
0.000271209
0.000302679
0.000331376
0.000356908
0.000378966
0.000397318
0.000411803
0.000422329
0.00042886
0.000431411
0.000430037
0.000424827
0.000415895
0.000403375
0.000387414
0.000368171
0.000345811
0.000320508
0.000292441
0.000261801
0.000228789
0.000193628
0.000156569
0.000117899
7.79582e-05
3.71505e-05
-4.04411e-06
-4.50634e-05
-8.52702e-05
-0.00012398
-0.000160514
-0.000189178
-0.0002059
-0.000215936
-0.000222878
-0.000227098
-0.000228856
-0.000228315
-0.000225563
-0.000220629
-0.000213511
-0.000204196
-0.000192675
-0.000178971
-0.000163157
-0.000163553
-0.000153878
-0.000140675
-0.000123724
-0.00010291
-7.8251e-05
-4.99168e-05
-1.82321e-05
1.63383e-05
5.32126e-05
9.17211e-05
0.000131139
0.00017072
0.000209723
0.000247444
0.00028323
0.000316506
0.000346774
0.000373627
0.000396746
0.000415897
0.000430925
0.000441746
0.000448337
0.000450728
0.000448988
0.000443222
0.000433559
0.000420144
0.000403138
0.000382706
0.000359021
0.000332262
0.00030261
0.000270254
0.000235397
0.000198258
0.000159087
0.000118172
7.58621e-05
3.2577e-05
-1.11706e-05
-5.4766e-05
-9.74945e-05
-0.00013857
-0.000177203
-0.000207136
-0.000224056
-0.000233841
-0.000240453
-0.000244325
-0.000245748
-0.000244895
-0.000241845
-0.000236611
-0.000229167
-0.000219472
-0.000207493
-0.000193223
-0.000176712
-0.000164036
-0.000154329
-0.000141093
-0.000124114
-0.000103273
-7.85901e-05
-5.02353e-05
-1.85327e-05
1.60536e-05
5.29421e-05
9.14641e-05
0.000130896
0.000170491
0.00020951
0.000247248
0.000283055
0.000316353
0.000346648
0.00037353
0.000396682
0.000415868
0.000430934
0.000441796
0.00044843
0.000450865
0.000449174
0.000443458
0.000433848
0.000420489
0.000403541
0.00038317
0.000359549
0.000332855
0.00030327
0.000270981
0.00023619
0.000199115
0.000160003
0.000119143
7.68774e-05
3.36269e-05
-1.00979e-05
-5.36822e-05
-9.64103e-05
-0.000137495
-0.000176142
-0.000206102
-0.000223058
-0.000232882
-0.00023953
-0.000243437
-0.000244896
-0.000244079
-0.000241068
-0.000235875
-0.000228475
-0.000218825
-0.000206891
-0.000192665
-0.000176194
-0.000176384
-0.00016662
-0.000153102
-0.000135561
-0.000113841
-8.79448e-05
-5.80496e-05
-2.4508e-05
1.21689e-05
5.13405e-05
9.22707e-05
0.000134165
0.000176209
0.000217598
0.00025757
0.000295429
0.000330558
0.000362437
0.000390641
0.000414843
0.00043481
0.000450393
0.00046152
0.000468183
0.000470425
0.000468336
0.000462035
0.000451666
0.00043739
0.000419376
0.000397801
0.000372844
0.000344685
0.000313506
0.000279496
0.00024285
0.000203784
0.000162541
0.000119405
7.4725e-05
2.89339e-05
-1.74269e-05
-6.3688e-05
-0.000109048
-0.000152601
-0.000193416
-0.000224621
-0.000241655
-0.000251094
-0.000257298
-0.000260771
-0.000261837
-0.000260675
-0.000257354
-0.000251867
-0.00024416
-0.000234161
-0.000221803
-0.000207047
-0.000189912
-0.000176872
-0.000167073
-0.000153523
-0.000135951
-0.000114204
-8.82841e-05
-5.83685e-05
-2.48097e-05
1.18821e-05
5.10669e-05
9.20094e-05
0.000133916
0.000175973
0.000217376
0.000257366
0.000295244
0.000330397
0.000362302
0.000390536
0.000414771
0.000434774
0.000450396
0.000461564
0.000468271
0.00047056
0.00046852
0.000462271
0.000451957
0.000437738
0.000419785
0.000398274
0.000373383
0.000345292
0.000314184
0.000280245
0.00024367
0.000204673
0.000163493
0.000120415
7.57833e-05
3.00285e-05
-1.63094e-05
-6.25611e-05
-0.000107924
-0.000151489
-0.000192322
-0.000223557
-0.000240631
-0.00025011
-0.000256352
-0.000259861
-0.000260963
-0.000259838
-0.000256557
-0.000251112
-0.000243451
-0.0002335
-0.000221189
-0.000206479
-0.000189387
-0.000189384
-0.000179583
-0.000165797
-0.000147693
-0.000125074
-9.79241e-05
-6.64288e-05
-3.09733e-05
7.8806e-06
4.94276e-05
9.28598e-05
0.000137308
0.000181885
0.000225721
0.000267993
0.000307958
0.000344963
0.00037846
0.00040801
0.000433281
0.000454043
0.000470154
0.000481556
0.000488257
0.000490319
0.00048785
0.000480986
0.000469889
0.000454731
0.000435696
0.000412969
0.000386733
0.000357172
0.000324468
0.000288805
0.000250374
0.000209379
0.000166054
0.000120677
7.35902e-05
2.52348e-05
-2.38225e-05
-7.28569e-05
-0.000120972
-0.000167122
-0.000210203
-0.000242654
-0.000259668
-0.00026861
-0.000274282
-0.000277263
-0.000277909
-0.000276404
-0.000272802
-0.00026707
-0.000259123
-0.000248854
-0.000236158
-0.00022096
-0.00020324
-0.000189877
-0.00018004
-0.000166219
-0.000148083
-0.000125437
-9.82627e-05
-6.67475e-05
-3.12756e-05
7.59205e-06
4.9151e-05
9.25941e-05
0.000137054
0.000181642
0.000225491
0.00026778
0.000307764
0.000344792
0.000378315
0.000407896
0.000433201
0.000453999
0.00047015
0.000481595
0.00048834
0.00049045
0.000488031
0.000481221
0.00047018
0.000455082
0.00043611
0.000413449
0.000387282
0.000357793
0.000325164
0.000289576
0.00025122
0.000210299
0.000167043
0.000121728
7.46931e-05
2.63757e-05
-2.26588e-05
-7.16858e-05
-0.000119807
-0.000165973
-0.000209077
-0.000241563
-0.00025862
-0.000267604
-0.000273314
-0.000276331
-0.000277013
-0.000275545
-0.000271984
-0.000266296
-0.000258397
-0.000248178
-0.000235533
-0.000220383
-0.000202708
-0.000202531
-0.000192752
-0.000178746
-0.000160112
-0.000136602
-0.000108182
-7.50476e-05
-3.76206e-05
3.48049e-06
4.74803e-05
9.34931e-05
0.000140571
0.000187749
0.000234087
0.000278703
0.000320804
0.0003597
0.000394818
0.000425707
0.000452029
0.000473559
0.000490168
0.000501812
0.000508517
0.000510367
0.000507487
0.000500034
0.000488186
0.00047213
0.000452062
0.000428175
0.000400659
0.000369699
0.000335476
0.000298169
0.000257959
0.00021504
0.000169632
0.000122
7.24762e-05
2.15022e-05
-3.03346e-05
-8.22556e-05
-0.000133261
-0.000182144
-0.000227589
-0.00026126
-0.000278097
-0.000286371
-0.000291372
-0.00029376
-0.000293921
-0.000292037
-0.000288143
-0.000282176
-0.000274013
-0.000263509
-0.000250521
-0.000234928
-0.00021667
-0.000203029
-0.000193211
-0.000179169
-0.000160502
-0.000136963
-0.000108519
-7.53656e-05
-3.79231e-05
3.19048e-06
4.72007e-05
9.3223e-05
0.00014031
0.000187499
0.000233849
0.000278481
0.0003206
0.000359519
0.000394664
0.000425583
0.00045194
0.000473508
0.000490158
0.000501845
0.000508596
0.000510494
0.000507666
0.000500268
0.000488477
0.000472483
0.00045248
0.000428662
0.000401218
0.000370334
0.000336189
0.000298962
0.000258832
0.000215992
0.000170659
0.000123093
7.36253e-05
2.26912e-05
-2.91233e-05
-8.10395e-05
-0.000132055
-0.000180959
-0.000226432
-0.000260142
-0.000277026
-0.000285344
-0.000290383
-0.000292807
-0.000293004
-0.000291158
-0.000287305
-0.000281383
-0.00027327
-0.000262819
-0.000249884
-0.000234343
-0.000216132
-0.000215804
-0.00020611
-0.000191939
-0.000172809
-0.000148418
-0.000118711
-8.38981e-05
-4.44418e-05
-1.02342e-06
4.55054e-05
9.41757e-05
0.000143955
0.000193797
0.00024269
0.00028969
0.000333951
0.000374749
0.000411487
0.0004437
0.000471052
0.000493322
0.000510396
0.000522247
0.000528922
0.000530526
0.000527206
0.000519138
0.000506518
0.000489549
0.000468438
0.000443388
0.000414594
0.000382242
0.00034651
0.000307571
0.000265597
0.000220766
0.000173281
0.000123387
7.1403e-05
1.77611e-05
-3.69376e-05
-9.1864e-05
-0.000145909
-0.000197681
-0.000245608
-0.000280467
-0.000296947
-0.000304361
-0.000308539
-0.000310226
-0.000309833
-0.000307533
-0.000303336
-0.000297143
-0.00028879
-0.000278089
-0.000264854
-0.000248921
-0.000230175
-0.000216305
-0.00020657
-0.000192362
-0.000173197
-0.000148777
-0.000119047
-8.42148e-05
-4.47442e-05
-1.31463e-06
4.52231e-05
9.39012e-05
0.000143688
0.00019354
0.000242444
0.000289458
0.000333737
0.000374558
0.000411323
0.000443568
0.000470954
0.000493263
0.000510379
0.000522274
0.000528996
0.00053065
0.000527382
0.00051937
0.000506809
0.000489903
0.00046886
0.000443882
0.000415163
0.00038289
0.00034724
0.000308386
0.000266497
0.000221751
0.000174346
0.000124525
7.26e-05
1.90001e-05
-3.56769e-05
-9.06017e-05
-0.000144662
-0.000196461
-0.000244421
-0.000279325
-0.000295854
-0.000303313
-0.00030753
-0.000309253
-0.000308895
-0.000306633
-0.000302477
-0.000296331
-0.000288029
-0.000277384
-0.000264206
-0.000248327
-0.00022963
-0.00022918
-0.00021964
-0.000205364
-0.000185775
-0.000160513
-0.000129503
-9.29713e-05
-5.14278e-05
-5.62239e-06
4.35104e-05
9.49126e-05
0.000147462
0.000200029
0.000251525
0.000300941
0.000347383
0.000390089
0.00042844
0.000461961
0.000490316
0.000513295
0.000530798
0.00054282
0.00054943
0.000550756
0.000546966
0.000538259
0.000524848
0.000506953
0.000484793
0.000458579
0.000428511
0.000394777
0.000357552
0.000317
0.00027328
0.000226555
0.000177005
0.000124853
7.03915e-05
1.40385e-05
-4.36023e-05
-0.000101658
-0.000158908
-0.000213748
-0.000264297
-0.000300314
-0.000316225
-0.00032256
-0.00032575
-0.000326623
-0.000325604
-0.000322851
-0.000318341
-0.000311932
-0.000303415
-0.000292555
-0.000279122
-0.000262904
-0.000243728
-0.000229685
-0.000220102
-0.000205785
-0.000186161
-0.00016087
-0.000129836
-9.32863e-05
-5.17295e-05
-5.91455e-06
4.32255e-05
9.46338e-05
0.00014719
0.000199764
0.000251269
0.000300699
0.000347159
0.000389887
0.000428265
0.000461818
0.00049021
0.000513228
0.000530774
0.000542842
0.000549499
0.000550874
0.000547138
0.000538488
0.000525137
0.000507308
0.000485218
0.000459078
0.000429088
0.000395437
0.000358298
0.000317836
0.000274207
0.000227572
0.00017811
0.000126035
7.16384e-05
1.53296e-05
-4.22905e-05
-0.000100349
-0.000157619
-0.000212494
-0.000263082
-0.000299148
-0.000315112
-0.000321493
-0.000324723
-0.000325631
-0.000324647
-0.00032193
-0.000317461
-0.0003111
-0.000302637
-0.000291835
-0.000278462
-0.000262301
-0.000243178
-0.000242638
-0.000233327
-0.000219008
-0.000199001
-0.000172879
-0.000140549
-0.000102257
-5.85683e-05
-1.0307e-05
4.15031e-05
9.5709e-05
0.000151095
0.000206442
0.000260583
0.000312445
0.000361083
0.000405697
0.00044565
0.000480457
0.000509786
0.00053344
0.000551337
0.000563493
0.000570001
0.000571015
0.000566727
0.000557357
0.000543138
0.000524307
0.000501093
0.000473717
0.000442384
0.000407283
0.000368583
0.00032644
0.000281
0.000232405
0.000180811
0.000126409
6.94636e-05
1.03632e-05
-5.02967e-05
-0.00011161
-0.000172244
-0.000230362
-0.000283703
-0.000320847
-0.000335942
-0.000340952
-0.000342975
-0.000342914
-0.000341197
-0.000337954
-0.00033312
-0.000326507
-0.000317852
-0.000306871
-0.00029329
-0.000276845
-0.000257301
-0.000243145
-0.000233789
-0.000219428
-0.000199384
-0.000173232
-0.000140878
-0.00010257
-5.88691e-05
-1.05999e-05
4.12156e-05
9.54258e-05
0.000150816
0.000206169
0.000260319
0.000312193
0.000360848
0.000405485
0.000445465
0.000480305
0.000509671
0.000533366
0.000551306
0.000563507
0.000570064
0.000571129
0.000566895
0.000557583
0.000543427
0.000524662
0.00050152
0.000474221
0.00044297
0.000407955
0.000369345
0.000327297
0.000281953
0.000233455
0.000181955
0.000127639
7.07623e-05
1.17086e-05
-4.89319e-05
-0.000110253
-0.000170915
-0.000229073
-0.000282461
-0.000319659
-0.00033481
-0.000339868
-0.000341931
-0.000341905
-0.000340221
-0.000337012
-0.00033222
-0.000325655
-0.000317056
-0.000306136
-0.000292617
-0.000276234
-0.000256746
-0.000256156
-0.000247155
-0.000232862
-0.000212478
-0.000185507
-0.000151838
-0.000111745
-6.58524e-05
-1.50671e-05
3.94915e-05
9.65699e-05
0.000154854
0.000213032
0.000269857
0.000324189
0.000375031
0.000421551
0.000463089
0.000499157
0.000529429
0.000553721
0.000571973
0.000584224
0.000590595
0.000591265
0.000586452
0.000576398
0.000561356
0.000541579
0.00051731
0.000488777
0.00045619
0.000419738
0.000379586
0.00033588
0.000288748
0.000238314
0.000184702
0.00012807
6.86411e-05
6.76558e-06
-5.69853e-05
-0.000121688
-0.000185903
-0.000247536
-0.000303878
-0.000342121
-0.000356111
-0.000359517
-0.000360182
-0.000359065
-0.000356577
-0.000352806
-0.00034764
-0.000340834
-0.000332068
-0.000321005
-0.000307322
-0.000290712
-0.000270869
-0.000256666
-0.000247616
-0.000233279
-0.000212856
-0.000185855
-0.000152164
-0.000112055
-6.6152e-05
-1.53605e-05
3.92015e-05
9.62823e-05
0.000154568
0.000212751
0.000269583
0.000323926
0.000374785
0.000421327
0.000462893
0.000498995
0.000529305
0.000553639
0.000571935
0.000584233
0.000590653
0.000591374
0.000586616
0.000576621
0.000561643
0.000541934
0.000517739
0.000489285
0.000456783
0.000420421
0.000380363
0.000336756
0.000289728
0.000239397
0.000185887
0.000129348
6.99939e-05
8.16771e-06
-5.55656e-05
-0.000120281
-0.000184532
-0.000246215
-0.000302611
-0.000340913
-0.000354962
-0.000358418
-0.000359123
-0.000358039
-0.000355582
-0.000351844
-0.000346719
-0.000339961
-0.000331253
-0.000320254
-0.000306638
-0.000290092
-0.000270309
-0.000269713
-0.000261109
-0.000246914
-0.000226195
-0.000198386
-0.000163359
-0.000121423
-7.32683e-05
-1.98922e-05
3.74837e-05
9.75002e-05
0.000158739
0.000219795
0.000279338
0.000336158
0.00038921
0.000437626
0.00048073
0.000518031
0.00054921
0.000574102
0.000592668
0.000604977
0.000611175
0.000611469
0.000606105
0.000595347
0.000579469
0.000558739
0.000533414
0.000503732
0.000469905
0.000432122
0.000390543
0.000345304
0.000296517
0.000244278
0.000188684
0.000129848
6.79461e-05
3.27724e-06
-6.36298e-05
-0.000131853
-0.000199863
-0.000265288
-0.000324885
-0.000364205
-0.000376746
-0.000378234
-0.000377337
-0.00037504
-0.000371709
-0.000367374
-0.000361868
-0.000354882
-0.000346033
-0.000334924
-0.000321187
-0.000304472
-0.000284403
-0.000270225
-0.000261569
-0.000247327
-0.000226569
-0.000198729
-0.000163681
-0.00012173
-7.35663e-05
-2.0186e-05
3.71914e-05
9.72081e-05
0.000158448
0.000219506
0.000279054
0.000335884
0.000388952
0.00043739
0.000480523
0.000517858
0.000549077
0.000574012
0.000592623
0.000604979
0.000611227
0.000611574
0.000606264
0.000595566
0.000579753
0.000559093
0.000533845
0.000504244
0.000470505
0.000432815
0.000391335
0.0003462
0.000297522
0.000245395
0.000189909
0.000131175
6.93553e-05
4.73881e-06
-6.21529e-05
-0.000130396
-0.000198451
-0.000263935
-0.000323594
-0.00036298
-0.000375584
-0.000377123
-0.000376265
-0.000373999
-0.000370696
-0.000366393
-0.000360925
-0.000353988
-0.000345199
-0.000334157
-0.00032049
-0.000303844
-0.000283838
-0.000283289
-0.000275177
-0.000261155
-0.000240145
-0.000211506
-0.000175101
-0.000131278
-8.08033e-05
-2.47713e-05
3.54882e-05
9.85044e-05
0.000162752
0.000226728
0.000289015
0.000348338
0.000403598
0.000453897
0.000498544
0.000537045
0.000569095
0.000594547
0.000613388
0.000625714
0.000631704
0.000631593
0.000625652
0.000614171
0.000597445
0.000575758
0.000549381
0.000518557
0.000483507
0.000444416
0.00040144
0.000354702
0.000304297
0.000250296
0.000192758
0.000131754
6.74001e-05
-6.95575e-08
-7.01891e-05
-0.000142065
-0.000214096
-0.00028363
-0.000346796
-0.000387184
-0.000397866
-0.00039708
-0.000394406
-0.000390804
-0.000386561
-0.00038163
-0.000375775
-0.000368622
-0.000359719
-0.000348601
-0.000334853
-0.000318093
-0.000297876
-0.000283803
-0.000275635
-0.000261563
-0.000240513
-0.000211843
-0.000175417
-0.000131581
-8.10994e-05
-2.50652e-05
3.51935e-05
9.82077e-05
0.000162454
0.00022643
0.000288721
0.000348053
0.000403328
0.000453649
0.000498325
0.000536863
0.000568953
0.000594449
0.000613336
0.00062571
0.00063175
0.000631691
0.000625806
0.000614386
0.000597726
0.000576111
0.000549812
0.000519073
0.000484113
0.000445119
0.000402245
0.000355617
0.000305327
0.000251445
0.000194026
0.000133132
6.88683e-05
1.45443e-06
-6.86528e-05
-0.000140557
-0.000212645
-0.000282248
-0.000345484
-0.000385944
-0.000396691
-0.000395957
-0.000393322
-0.000389749
-0.000385532
-0.000380629
-0.000374811
-0.000367707
-0.000358865
-0.000347817
-0.000334144
-0.000317457
-0.000297307
-0.000296864
-0.000289344
-0.000275574
-0.000254316
-0.000224854
-0.000187049
-0.000141296
-8.84442e-05
-2.96928e-05
3.35131e-05
9.95867e-05
0.000166892
0.000233823
0.000298878
0.000360712
0.000418176
0.000470341
0.000516502
0.00055617
0.000589051
0.000615021
0.000634095
0.000646401
0.000652148
0.000651601
0.00064506
0.00063284
0.000615256
0.00059261
0.000565184
0.000533232
0.000496976
0.000456602
0.000412259
0.00036406
0.000312079
0.000256361
0.000196928
0.000133799
6.70235e-05
-3.24231e-06
-7.66194e-05
-0.000152274
-0.00022857
-0.000302573
-0.000369692
-0.00041116
-0.000419491
-0.000416025
-0.000411353
-0.000406325
-0.000401106
-0.000395546
-0.000389335
-0.000382031
-0.000373103
-0.000362012
-0.000348294
-0.000331544
-0.000311261
-0.000297379
-0.000289799
-0.000275977
-0.000254678
-0.000225186
-0.00018736
-0.000141595
-8.87382e-05
-2.99868e-05
3.32161e-05
9.92855e-05
0.000166587
0.000233517
0.000298574
0.000360415
0.000417894
0.000470081
0.000516272
0.000555977
0.0005889
0.000614915
0.000634036
0.000646391
0.000652188
0.000651694
0.00064521
0.000633051
0.000615534
0.000592962
0.000565615
0.00053375
0.000497587
0.000457313
0.000413078
0.000364993
0.000313133
0.000257543
0.000198238
0.000135229
6.85534e-05
-1.65262e-06
-7.50213e-05
-0.000150714
-0.000227079
-0.000301163
-0.000368361
-0.000409906
-0.000418306
-0.000414892
-0.000410258
-0.000405257
-0.00040006
-0.000394526
-0.00038835
-0.000381094
-0.000372228
-0.000361211
-0.000347572
-0.0003309
-0.000310687
-0.000310419
-0.0003036
-0.000290163
-0.000268699
-0.00023842
-0.00019919
-0.000151462
-9.61772e-05
-3.46454e-05
3.15666e-05
0.000100751
0.000171157
0.000241076
0.000308917
0.000373265
0.000432923
0.000486932
0.000534577
0.000575374
0.000609044
0.00063549
0.000654757
0.000667004
0.000672474
0.000671463
0.000664301
0.000651327
0.000632877
0.000609271
0.000580803
0.000547735
0.000510294
0.000468664
0.000422988
0.000373366
0.000319855
0.000262471
0.000201194
0.00013599
6.68354e-05
-6.20889e-06
-8.28755e-05
-0.000162427
-0.000243242
-0.000322122
-0.000393666
-0.000436259
-0.00044164
-0.000435034
-0.000428136
-0.000421568
-0.000415314
-0.000409097
-0.000402527
-0.000395085
-0.000386162
-0.000375135
-0.000361484
-0.000344794
-0.000324529
-0.000310934
-0.000304052
-0.00029056
-0.000269054
-0.000238744
-0.000199494
-0.000151757
-9.64687e-05
-3.49392e-05
3.12673e-05
0.000100445
0.000170845
0.00024076
0.000308601
0.000372956
0.000432627
0.000486659
0.000534336
0.00057517
0.000608884
0.000635376
0.000654691
0.000666988
0.000672508
0.000671551
0.000664445
0.000651533
0.000633151
0.00060962
0.000581234
0.000548255
0.00051091
0.000469383
0.000423818
0.000374316
0.000320933
0.000263684
0.000202547
0.000137476
6.84302e-05
-4.54983e-06
-8.12129e-05
-0.000160815
-0.000241712
-0.000320686
-0.000392318
-0.000434995
-0.000440447
-0.000433894
-0.000427033
-0.000420489
-0.000414254
-0.000408059
-0.000401521
-0.000394126
-0.000385267
-0.000374316
-0.000360749
-0.000344141
-0.000323951
-0.000323935
-0.000317936
-0.000304913
-0.000283284
-0.000252189
-0.000211508
-0.000161762
-0.000103988
-3.96172e-05
2.96565e-05
0.000102
0.000175546
0.000248479
0.000319118
0.000385979
0.000447817
0.000503645
0.00055274
0.000594626
0.000629044
0.000655922
0.00067534
0.000687491
0.000692651
0.00069115
0.000683346
0.000669605
0.000650284
0.000625719
0.000596216
0.000562048
0.000523443
0.000480585
0.000433611
0.00038261
0.000327616
0.000268619
0.000205556
0.000138336
6.68531e-05
-8.93808e-06
-8.89104e-05
-0.000172465
-0.000258059
-0.000342274
-0.000418822
-0.000462637
-0.000464336
-0.000454066
-0.000444716
-0.0004365
-0.000429162
-0.000422264
-0.00041533
-0.000407766
-0.00039888
-0.000387953
-0.000374402
-0.000357814
-0.00033765
-0.000324449
-0.000318383
-0.000305303
-0.00028363
-0.000252506
-0.000211806
-0.000162051
-0.000104277
-3.99109e-05
2.93549e-05
0.00010169
0.000175227
0.000248154
0.000318791
0.000385657
0.000447508
0.000503359
0.000552487
0.000594412
0.000628875
0.000655801
0.000675268
0.000687469
0.00069268
0.000691232
0.000683485
0.000669806
0.000650553
0.000626064
0.000596646
0.000562569
0.000524063
0.000481312
0.000434453
0.000383576
0.000328717
0.000269864
0.000206952
0.000139878
6.8516e-05
-7.20557e-06
-8.71807e-05
-0.0001708
-0.000256493
-0.000340814
-0.00041746
-0.000461365
-0.000463137
-0.000452921
-0.000443606
-0.000435412
-0.000428089
-0.000421208
-0.000414302
-0.000406785
-0.000397963
-0.000387115
-0.000373652
-0.000357152
-0.000337069
-0.000337395
-0.000332341
-0.000319817
-0.000298058
-0.000266148
-0.000223988
-0.000172178
-0.000111862
-4.45967e-05
2.77904e-05
0.000103338
0.000180057
0.000256024
0.000329469
0.000398837
0.000462836
0.000520455
0.000570964
0.000613897
0.000649018
0.000676286
0.000695814
0.000707832
0.000712651
0.000710634
0.00070217
0.000687651
0.000667453
0.000641932
0.000611406
0.000576153
0.000536408
0.000492352
0.000444117
0.000391779
0.000335353
0.000274799
0.000210012
0.000140842
6.70915e-05
-1.14002e-05
-9.46771e-05
-0.000182323
-0.000272959
-0.000363016
-0.000445275
-0.000490487
-0.000487601
-0.000473067
-0.000461045
-0.00045109
-0.000442628
-0.000435029
-0.000427728
-0.000420057
-0.000411241
-0.000400451
-0.000387028
-0.000370575
-0.000350595
-0.000337908
-0.000332783
-0.000320199
-0.000298396
-0.000266456
-0.000224279
-0.000172462
-0.000112148
-4.48901e-05
2.74865e-05
0.000103023
0.000179731
0.00025569
0.000329131
0.000398503
0.000462514
0.000520156
0.000570698
0.000613672
0.00064884
0.000676158
0.000695736
0.000707804
0.000712673
0.00071071
0.000702302
0.000687845
0.000667718
0.000642274
0.000611833
0.000576675
0.000537031
0.000493085
0.000444969
0.00039276
0.000336475
0.000276075
0.000211451
0.000142441
6.88261e-05
-9.58966e-06
-9.28773e-05
-0.000180605
-0.000271358
-0.000361535
-0.000443902
-0.000489208
-0.000486398
-0.000471918
-0.000459931
-0.000449994
-0.000441542
-0.000433955
-0.000426679
-0.000419052
-0.000410301
-0.000399594
-0.000386264
-0.000369904
-0.00035001
-0.000350784
-0.000346811
-0.000334865
-0.000313011
-0.000280281
-0.000236613
-0.000182694
-0.000119784
-4.95722e-05
2.59754e-05
0.000104766
0.000184686
0.000263704
0.000339957
0.000411822
0.00047796
0.000537337
0.00058922
0.000633157
0.000668938
0.000696552
0.000716149
0.000727998
0.000732446
0.00072989
0.00072075
0.000705442
0.000684367
0.000657894
0.000626354
0.000590036
0.000549174
0.000503952
0.000454493
0.000400863
0.000343055
0.000281005
0.000214559
0.00014351
6.75632e-05
-1.35678e-05
-0.000100129
-0.000191933
-0.000287868
-0.00038432
-0.000473149
-0.000520047
-0.000511456
-0.000491973
-0.000477076
-0.000465305
-0.000455693
-0.000447376
-0.000439707
-0.000431944
-0.000423231
-0.00041262
-0.000399352
-0.000383051
-0.000363331
-0.000351296
-0.000347247
-0.000335238
-0.000313339
-0.00028058
-0.000236896
-0.000182973
-0.000120067
-4.98654e-05
2.56692e-05
0.000104445
0.000184353
0.00026336
0.000339608
0.000411475
0.000477624
0.000537025
0.000588942
0.000632923
0.000668752
0.000696416
0.000716065
0.000727964
0.000732463
0.00072996
0.000720876
0.000705631
0.000684626
0.000658232
0.00062678
0.000590557
0.0005498
0.000504691
0.000455354
0.000401857
0.000344198
0.00028231
0.000216041
0.000145169
6.93734e-05
-1.16739e-05
-9.82559e-05
-0.000190162
-0.000286235
-0.000382821
-0.000471766
-0.000518763
-0.000510251
-0.000490822
-0.000475959
-0.000464204
-0.000454596
-0.000446286
-0.000438637
-0.000430915
-0.000422268
-0.000411743
-0.000398572
-0.000382371
-0.000362742
-0.000364089
-0.000361342
-0.00035005
-0.00032813
-0.000294572
-0.000249365
-0.000193293
-0.000127739
-5.45325e-05
2.42182e-05
0.000106285
0.00018943
0.000271509
0.000350568
0.000424915
0.000493167
0.000554266
0.000607483
0.00065238
0.000688774
0.000716691
0.000736319
0.000747964
0.000752012
0.000748896
0.000739063
0.00072296
0.000701006
0.000673587
0.000641047
0.000603682
0.00056173
0.000515373
0.000464728
0.000409851
0.000350715
0.000287228
0.000219192
0.000146341
6.82775e-05
-1.54159e-05
-0.00010522
-0.00020122
-0.0003027
-0.000406138
-0.000502573
-0.000551612
-0.000535921
-0.000510703
-0.000492758
-0.000479116
-0.00046834
-0.000459296
-0.000451257
-0.000443414
-0.00043484
-0.000424451
-0.000411362
-0.000395218
-0.000375823
-0.000364598
-0.000361769
-0.000350413
-0.000328448
-0.000294861
-0.00024964
-0.000193566
-0.00012802
-5.48253e-05
2.39096e-05
0.00010596
0.00018909
0.000271156
0.000350207
0.000424554
0.000492816
0.00055394
0.000607193
0.000652135
0.00068858
0.000716549
0.000736229
0.000747925
0.000752023
0.000748959
0.000739183
0.000723143
0.000701259
0.000673921
0.00064147
0.000604203
0.000562357
0.000516117
0.000465597
0.000410858
0.000351876
0.000288562
0.000220717
0.000148061
7.01675e-05
-1.34328e-05
-0.000103271
-0.000199398
-0.000301037
-0.000404625
-0.000501185
-0.000550327
-0.000534715
-0.000509552
-0.00049164
-0.000478011
-0.000467234
-0.00045819
-0.000450165
-0.000442361
-0.000433853
-0.000423552
-0.000410567
-0.000394528
-0.000375231
-0.000377299
-0.000375929
-0.000365364
-0.000343402
-0.000309005
-0.000262225
-0.000203957
-0.000135713
-5.94666e-05
2.25248e-05
0.000107897
0.000194285
0.000279431
0.000361289
0.000438099
0.000508434
0.000571219
0.000625725
0.000671537
0.0007085
0.000736677
0.000756296
0.000767705
0.000771326
0.000767629
0.000757092
0.000740188
0.000717355
0.000688999
0.000655472
0.000617081
0.000574063
0.000526605
0.000474812
0.000418735
0.000358323
0.000293463
0.000223906
0.000149336
6.92408e-05
-1.69226e-05
-0.000109909
-0.000210109
-0.000317357
-0.000428401
-0.000533683
-0.000585552
-0.000561012
-0.000529158
-0.000508034
-0.000492491
-0.000480557
-0.000470779
-0.000462371
-0.000454459
-0.000446059
-0.000435938
-0.000423057
-0.000407056
-0.000388033
-0.000377806
-0.000376348
-0.000365717
-0.000343709
-0.000309284
-0.000262492
-0.000204225
-0.000135991
-5.97591e-05
2.22138e-05
0.000107566
0.000193937
0.000279068
0.000360916
0.000437724
0.000508069
0.000570878
0.000625423
0.000671282
0.000708297
0.000736529
0.000756201
0.00076766
0.000771332
0.000767686
0.000757205
0.000740364
0.000717603
0.000689328
0.000655892
0.0006176
0.000574692
0.000527352
0.000475689
0.000419753
0.000359501
0.000294824
0.000225472
0.000151119
7.12152e-05
-1.48433e-05
-0.000107881
-0.000208236
-0.000315668
-0.000426877
-0.000532291
-0.000584266
-0.000559808
-0.000528009
-0.000506918
-0.000491384
-0.000479443
-0.000469658
-0.000461258
-0.000453381
-0.000445047
-0.000435018
-0.000422244
-0.000406356
-0.000387437
-0.000390408
-0.000390575
-0.000380799
-0.000358814
-0.000323561
-0.000275175
-0.00021467
-0.000143692
-6.43638e-05
2.09006e-05
0.000109601
0.000199245
0.000287459
0.000372105
0.000451355
0.00052374
0.000588171
0.000643922
0.000690602
0.000728089
0.000756484
0.000776058
0.000787199
0.000790368
0.000786072
0.00077482
0.00075711
0.000733402
0.000704116
0.000669617
0.00063022
0.000586164
0.000537637
0.000484736
0.000427505
0.00036587
0.0002997
0.000228693
0.00015249
7.0456e-05
-1.80695e-05
-0.000114156
-0.00021852
-0.000331729
-0.000451008
-0.000566609
-0.000622324
-0.000586741
-0.000547216
-0.000522849
-0.000505401
-0.000492333
-0.000481821
-0.000473045
-0.000465071
-0.000456879
-0.00044708
-0.000434437
-0.00041855
-0.000399917
-0.000390911
-0.000390984
-0.000381139
-0.000359108
-0.000323829
-0.000275434
-0.000214932
-0.000143966
-6.4656e-05
2.05872e-05
0.000109266
0.000198889
0.000287086
0.000371719
0.000450966
0.00052336
0.000587816
0.000643608
0.000690338
0.000727879
0.00075633
0.000775957
0.000787149
0.000790368
0.000786122
0.000774925
0.000757279
0.000733643
0.00070444
0.000670033
0.000630738
0.000586794
0.000538388
0.000485618
0.000428533
0.000367064
0.000301087
0.000230301
0.000154337
7.25196e-05
-1.58861e-05
-0.000112046
-0.000216599
-0.000330018
-0.000449477
-0.000565215
-0.000621039
-0.00058554
-0.000546071
-0.000521736
-0.000504294
-0.000491214
-0.000480686
-0.000471911
-0.000463968
-0.000455841
-0.000446136
-0.000433606
-0.000417838
-0.000399318
-0.000403414
-0.000405279
-0.000396343
-0.000374349
-0.000338222
-0.000288195
-0.000225414
-0.000151659
-6.92141e-05
1.93505e-05
0.000111397
0.000204305
0.000295583
0.000383001
0.000464665
0.000539065
0.000605099
0.00066205
0.000709552
0.000747518
0.00077609
0.000795582
0.000806425
0.00080912
0.000804208
0.000792231
0.000773713
0.000749133
0.000718928
0.000683473
0.000643092
0.000598025
0.000548462
0.00049449
0.000436152
0.000373346
0.000305931
0.000233544
0.000155801
7.19223e-05
-1.88416e-05
-0.000117929
-0.000226373
-0.000345697
-0.000473824
-0.000601469
-0.000662494
-0.000613114
-0.000564729
-0.000537144
-0.000517819
-0.000503662
-0.00049242
-0.000483278
-0.000475246
-0.000467294
-0.000457873
-0.000445509
-0.000429689
-0.000411427
-0.000403912
-0.000405678
-0.000396671
-0.000374631
-0.000338479
-0.000288445
-0.00022567
-0.00015193
-6.9506e-05
1.90347e-05
0.000111057
0.000203942
0.0002952
0.000382603
0.000464261
0.00053867
0.000604729
0.000661723
0.000709278
0.000747301
0.000775931
0.000795477
0.000806371
0.000809114
0.000804251
0.000792328
0.000773874
0.000749367
0.000719246
0.000683885
0.000643608
0.000598655
0.000549216
0.000495378
0.000437189
0.000374554
0.000307342
0.000235193
0.000157713
7.40803e-05
-1.65448e-05
-0.000115733
-0.000224407
-0.000343969
-0.000472291
-0.000600076
-0.000661212
-0.000611917
-0.000563589
-0.000536035
-0.000516714
-0.000502539
-0.000491272
-0.000482123
-0.000474117
-0.000466229
-0.000456905
-0.000444659
-0.000428966
-0.000410824
-0.000416321
-0.000420048
-0.000411987
-0.000389994
-0.000352969
-0.000301266
-0.000236171
-0.000159603
-7.4008e-05
1.78787e-05
0.000113285
0.000209459
0.000303792
0.000393963
0.00047801
0.000554388
0.000621981
0.000680085
0.000728362
0.000766763
0.000795473
0.000814848
0.000825365
0.000827563
0.000822022
0.000809312
0.000789987
0.000764539
0.000733427
0.000697031
0.00065569
0.000609638
0.000559073
0.000504068
0.000444671
0.000380744
0.000312149
0.000238452
0.000159262
7.36354e-05
-1.92275e-05
-0.0001212
-0.00023359
-0.000359132
-0.000496675
-0.000638358
-0.000706762
-0.000640127
-0.000581518
-0.00055086
-0.000529716
-0.000514541
-0.000502575
-0.000493073
-0.00048498
-0.000477299
-0.000468316
-0.000456284
-0.000440474
-0.000422506
-0.000416813
-0.000420435
-0.000412302
-0.000390263
-0.000353215
-0.000301507
-0.000236421
-0.00015987
-7.42995e-05
1.75602e-05
0.000112939
0.000209088
0.000303399
0.000393552
0.000477591
0.000553976
0.000621596
0.000679745
0.000728079
0.000766539
0.000795308
0.000814739
0.000825307
0.000827552
0.000822059
0.000809402
0.00079014
0.000764766
0.000733739
0.000697439
0.000656203
0.000610268
0.000559829
0.00050496
0.000445714
0.000381963
0.000313581
0.000240139
0.00016124
7.58933e-05
-1.68063e-05
-0.000118916
-0.000231581
-0.000357392
-0.000495143
-0.000636969
-0.000705484
-0.000638936
-0.000580383
-0.000549758
-0.000528616
-0.000513415
-0.000501416
-0.000491897
-0.000483824
-0.000476206
-0.000467322
-0.000455414
-0.000439738
-0.000421899
-0.000429141
-0.000434885
-0.000427718
-0.000405731
-0.000367782
-0.000314368
-0.000246924
-0.000167509
-7.87363e-05
1.64884e-05
0.000115261
0.0002147
0.000312075
0.000404975
0.000491374
0.000569688
0.000638795
0.000698004
0.000747011
0.000785803
0.000814612
0.000833837
0.000844003
0.000845684
0.000839501
0.000826052
0.00080592
0.000779611
0.000747605
0.000710285
0.000668007
0.000620997
0.000569464
0.000513463
0.000453052
0.000388053
0.000318346
0.000243404
0.000162866
7.5587e-05
-1.92189e-05
-0.00012395
-0.000240091
-0.000371904
-0.000519338
-0.000677335
-0.000755987
-0.000667766
-0.000597366
-0.00056394
-0.000541068
-0.000524969
-0.00051229
-0.000502434
-0.000494272
-0.000486888
-0.000478406
-0.000466777
-0.000450914
-0.000433087
-0.000429626
-0.000435259
-0.000428019
-0.000405987
-0.000368017
-0.000314601
-0.000247168
-0.000167773
-7.90276e-05
1.61673e-05
0.000114911
0.000214322
0.000311672
0.000404551
0.000490939
0.00056926
0.000638396
0.000697652
0.000746719
0.000785574
0.000814443
0.000833724
0.00084394
0.000845667
0.000839531
0.000826134
0.000806065
0.000779831
0.000747911
0.000710688
0.000668518
0.000621626
0.000570222
0.000514358
0.000454101
0.000389282
0.000319796
0.000245129
0.000164911
7.79504e-05
-1.66603e-05
-0.000121577
-0.000238045
-0.000370157
-0.000517811
-0.00067595
-0.000754714
-0.000666583
-0.000596238
-0.000562846
-0.000539975
-0.000523843
-0.00051112
-0.000501237
-0.00049309
-0.000485766
-0.000477385
-0.000465886
-0.000450164
-0.000432476
-0.000441895
-0.000449797
-0.000443522
-0.000421545
-0.000382641
-0.000327482
-0.000257658
-0.000175364
-8.33907e-05
1.51823e-05
0.000117325
0.000220022
0.000320422
0.000416024
0.000504738
0.000584946
0.000655521
0.000715787
0.000765478
0.000804619
0.000833489
0.000852534
0.000862323
0.00086347
0.000856635
0.000842442
0.000821506
0.000794343
0.000761457
0.00072323
0.000680039
0.000632096
0.000579631
0.000522667
0.000461292
0.000395267
0.000324513
0.000248388
0.000166607
7.77646e-05
-1.88103e-05
-0.000126171
-0.0002458
-0.000383879
-0.000541537
-0.000718397
-0.000811221
-0.000696004
-0.000612014
-0.000576331
-0.00055185
-0.000534952
-0.000521568
-0.00051137
-0.000503126
-0.000496059
-0.000488139
-0.000477004
-0.000461031
-0.000443092
-0.000442372
-0.000450157
-0.000443807
-0.000421788
-0.000382864
-0.000327705
-0.000257895
-0.000175625
-8.36818e-05
1.48585e-05
0.000116969
0.000219636
0.000320008
0.000415587
0.000504288
0.000584502
0.000655106
0.000715423
0.000765177
0.000804384
0.000833316
0.000852417
0.000862257
0.000863448
0.000856657
0.000842515
0.000821643
0.000794555
0.000761756
0.000723628
0.000680547
0.000632725
0.00058039
0.000523565
0.000462344
0.000396503
0.00032598
0.000250148
0.000168719
8.02394e-05
-1.60987e-05
-0.000123708
-0.000243724
-0.000382132
-0.000540021
-0.000717019
-0.000809953
-0.000694828
-0.000610895
-0.000575247
-0.000550766
-0.000533828
-0.00052039
-0.000510154
-0.000501916
-0.000494907
-0.000487091
-0.000476091
-0.000460266
-0.000442477
-0.000454617
-0.000464791
-0.00045938
-0.000437419
-0.000397526
-0.000340588
-0.000268355
-0.000183156
-8.79635e-05
1.39624e-05
0.000119472
0.000225417
0.00032882
0.000427094
0.000518085
0.000600144
0.000672139
0.000733413
0.000783744
0.000823192
0.000852088
0.000870922
0.000880314
0.000880909
0.000873414
0.000858473
0.000836739
0.00080873
0.000774978
0.000735862
0.000691783
0.000642933
0.00058957
0.000531677
0.000469384
0.000402376
0.000330645
0.000253393
0.000170477
8.01518e-05
-1.79983e-05
-0.000127863
-0.000250646
-0.000394932
-0.000562941
-0.000761464
-0.000873738
-0.000724795
-0.000625157
-0.000587985
-0.000562038
-0.000544495
-0.000530417
-0.000519893
-0.000511544
-0.000504809
-0.000497511
-0.000486982
-0.000470864
-0.000452428
-0.000455084
-0.000465135
-0.00045965
-0.000437647
-0.000397737
-0.000340802
-0.000268586
-0.000183414
-8.82545e-05
1.36359e-05
0.000119111
0.000225023
0.000328397
0.000426644
0.000517619
0.000599682
0.000671708
0.000733037
0.000783434
0.000822951
0.000851911
0.000870803
0.000880244
0.000880882
0.000873429
0.000858538
0.000836866
0.000808934
0.000775271
0.000736254
0.000692287
0.00064356
0.000590329
0.000532576
0.000470439
0.000403617
0.000332126
0.000255186
0.000172656
8.27437e-05
-1.51149e-05
-0.000125312
-0.000248545
-0.000393191
-0.000561441
-0.000760092
-0.000872476
-0.000723628
-0.000624046
-0.000586912
-0.000560965
-0.000543376
-0.000529232
-0.000518657
-0.000510306
-0.000503627
-0.000496433
-0.000486045
-0.000470084
-0.000451807
-0.000467355
-0.000479871
-0.000475274
-0.000453337
-0.000412416
-0.000353667
-0.000279001
-0.000190874
-9.24476e-05
1.28299e-05
0.0001217
0.000230878
0.000337259
0.000438171
0.000531399
0.000615263
0.000688629
0.000750864
0.00080179
0.000841506
0.000870393
0.000888989
0.000897963
0.000897993
0.00088983
0.00087414
0.000851613
0.000822767
0.000788167
0.000748177
0.000703237
0.000653503
0.000599277
0.000540486
0.000477326
0.000409371
0.000336735
0.000258403
0.00017447
8.27276e-05
-1.67801e-05
-0.000129042
-0.000254556
-0.000404948
-0.000583158
-0.000806346
-0.000945076
-0.000754075
-0.000636433
-0.000598864
-0.000571609
-0.000553613
-0.000538843
-0.000528015
-0.000519532
-0.000513138
-0.000506513
-0.000496727
-0.000480473
-0.000460985
-0.00046781
-0.000480198
-0.000475527
-0.00045355
-0.000412615
-0.000353871
-0.000279226
-0.000191129
-9.27385e-05
1.25005e-05
0.000121333
0.000230477
0.000336825
0.000437708
0.000530917
0.000614783
0.000688183
0.000750476
0.000801473
0.00084126
0.000870213
0.000888867
0.00089789
0.00089796
0.000889837
0.000874197
0.000851732
0.000822963
0.000788452
0.000748564
0.000703737
0.000654129
0.000600037
0.000541386
0.000478381
0.000410615
0.000338227
0.000260225
0.000176715
8.5442e-05
-1.37022e-05
-0.000126404
-0.000252441
-0.000403221
-0.000581678
-0.00080498
-0.00094382
-0.000752918
-0.000635331
-0.000597804
-0.000570551
-0.0005525
-0.000537654
-0.00052676
-0.000518265
-0.000511924
-0.000505405
-0.000495765
-0.000479676
-0.000460358
-0.000480172
-0.00049504
-0.00049118
-0.000469282
-0.000427289
-0.000366699
-0.000289581
-0.000198507
-9.68365e-05
1.17854e-05
0.000124004
0.000236397
0.000345726
0.000449241
0.000544664
0.000630285
0.000704975
0.000768122
0.0008196
0.000859545
0.000888392
0.000906723
0.000915261
0.000914712
0.000905877
0.000889438
0.000866127
0.000836451
0.00080102
0.000760173
0.000714399
0.000663805
0.000608753
0.00054909
0.000485114
0.000416244
0.000342779
0.000263403
0.00017858
8.5466e-05
-1.51527e-05
-0.000129733
-0.000257465
-0.000413834
-0.000601733
-0.000852712
-0.00102707
-0.000783756
-0.000645423
-0.000608943
-0.000580544
-0.000562321
-0.000546855
-0.000535755
-0.000527099
-0.000521048
-0.000515136
-0.000506246
-0.000489939
-0.000468632
-0.000480613
-0.000495349
-0.000491417
-0.000469481
-0.000427476
-0.000366894
-0.000289801
-0.000198758
-9.71275e-05
1.1453e-05
0.000123632
0.000235988
0.000345283
0.000448765
0.000544165
0.000629788
0.000704513
0.000767723
0.000819276
0.000859295
0.000888209
0.0009066
0.000915185
0.000914674
0.000905877
0.000889485
0.000866236
0.000836639
0.000801299
0.000760555
0.000714895
0.000664429
0.000609513
0.00054999
0.000486168
0.000417488
0.000344278
0.000265252
0.000180889
8.8308e-05
-1.18529e-05
-0.000127015
-0.000255345
-0.000412129
-0.000600279
-0.000851352
-0.00102582
-0.000782609
-0.000644328
-0.000607896
-0.000579501
-0.000561218
-0.000545662
-0.000534481
-0.000525803
-0.000519801
-0.000513997
-0.00050526
-0.000489124
-0.000467997
-0.000493156
-0.000510297
-0.000507072
-0.00048524
-0.000442125
-0.000379668
-0.000300083
-0.000206045
-0.000101124
1.08284e-05
0.000126381
0.000241966
0.000354211
0.000460291
0.000557863
0.000645195
0.00072116
0.000785171
0.00083716
0.000877295
0.000906072
0.000924114
0.000932201
0.000931061
0.000921552
0.000904362
0.000880277
0.000849782
0.000813539
0.00077185
0.000725271
0.000673836
0.000617997
0.000557485
0.000492747
0.000422987
0.000348775
0.000268376
0.000182804
8.83363e-05
-1.31111e-05
-0.000129981
-0.000259307
-0.000421528
-0.000618152
-0.000900056
-0.00112191
-0.000813725
-0.000651637
-0.000618212
-0.000588819
-0.000570641
-0.00055446
-0.000543129
-0.000534253
-0.000528544
-0.00052337
-0.000515542
-0.000499374
-0.000475215
-0.000493579
-0.000510587
-0.000507292
-0.000485423
-0.000442299
-0.000379853
-0.000300296
-0.000206293
-0.000101416
1.04931e-05
0.000126003
0.00024155
0.000353758
0.000459801
0.000557347
0.000644678
0.000720682
0.00078476
0.000836829
0.000877042
0.000905887
0.000923989
0.000932123
0.000931017
0.000921544
0.0009044
0.000880377
0.000849961
0.00081381
0.000772226
0.000725763
0.000674459
0.000618757
0.000558385
0.000493799
0.000424229
0.000350278
0.000270247
0.000185176
9.13097e-05
-9.55586e-06
-0.000127193
-0.000257193
-0.00041985
-0.000616728
-0.0008987
-0.00112066
-0.00081259
-0.000650551
-0.000617178
-0.000587796
-0.000569549
-0.000553267
-0.000541837
-0.000532927
-0.000527263
-0.000522198
-0.000514529
-0.00049854
-0.00047457
-0.000506413
-0.000525635
-0.000522922
-0.000501196
-0.000456903
-0.000392554
-0.000310492
-0.000213478
-0.000105306
9.95831e-06
0.000128825
0.000247577
0.000362703
0.000471306
0.000570983
0.000659976
0.000737168
0.000801996
0.000854456
0.000894745
0.000923423
0.000941154
0.000948776
0.000947034
0.000936851
0.000918911
0.000894065
0.000862758
0.000825724
0.000783208
0.000735854
0.000683595
0.00062701
0.000565667
0.000500224
0.00042959
0.000354721
0.000273302
0.000187143
9.13014e-05
-1.06461e-05
-0.000129846
-0.000260015
-0.000428004
-0.000631837
-0.000947656
-0.00123213
-0.00084384
-0.000654518
-0.00062668
-0.000596414
-0.000578598
-0.000561666
-0.000550159
-0.000541006
-0.000535632
-0.000531203
-0.0005246
-0.000508921
-0.000480551
-0.000506816
-0.000525904
-0.000523125
-0.000501365
-0.000457065
-0.00039273
-0.0003107
-0.000213723
-0.000105598
9.6198e-06
0.000128442
0.000247154
0.00036224
0.000470803
0.00057045
0.00065944
0.000736673
0.000801573
0.000854118
0.000894489
0.000923236
0.000941028
0.000948696
0.000946985
0.000936835
0.00091894
0.000894155
0.000862929
0.000825988
0.000783577
0.000736341
0.000684217
0.000627769
0.000566566
0.000501273
0.000430826
0.000356224
0.000275191
0.000189574
9.44089e-05
-6.79515e-06
-0.000127002
-0.000257918
-0.000426361
-0.000630449
-0.000946301
-0.00123089
-0.000842718
-0.000653439
-0.00062566
-0.000595412
-0.00057752
-0.000560474
-0.00054885
-0.000539649
-0.000534316
-0.000529996
-0.00052356
-0.000508067
-0.000479895
-0.000520081
-0.000541037
-0.000538699
-0.00051714
-0.000471601
-0.000405342
-0.000320798
-0.000220798
-0.000109377
9.17346e-06
0.000131332
0.000253223
0.000371189
0.000482274
0.000584009
0.000674613
0.000752984
0.000818581
0.000871475
0.000911884
0.000940437
0.000957835
0.000964981
0.000962628
0.000951772
0.000933084
0.00090749
0.000875379
0.000837578
0.000794245
0.000746149
0.000693082
0.000635793
0.000573632
0.000507549
0.000436042
0.000360618
0.000278161
0.000191599
9.43182e-05
-7.74307e-06
-0.000129406
-0.00025952
-0.000433288
-0.000642161
-0.000994533
-0.00136074
-0.000873936
-0.00065343
-0.000634382
-0.000603307
-0.000586224
-0.00056848
-0.000556868
-0.000547369
-0.000542323
-0.000538625
-0.00053339
-0.000518758
-0.000484431
-0.000520459
-0.000541285
-0.000538885
-0.000517293
-0.00047175
-0.000405509
-0.000321
-0.00022104
-0.000109669
8.83175e-06
0.000130944
0.000252793
0.000370717
0.000481757
0.000583457
0.000674059
0.000752473
0.000818148
0.000871131
0.000911625
0.000940249
0.000957708
0.000964899
0.000962574
0.000951748
0.000933102
0.00090757
0.000875542
0.000837834
0.000794608
0.000746631
0.000693702
0.000636552
0.000574529
0.000508592
0.000437272
0.000362117
0.000280063
0.000194086
9.75603e-05
-3.54726e-06
-0.000126528
-0.000257454
-0.000431686
-0.000640815
-0.000993176
-0.00135949
-0.000872827
-0.000652359
-0.000633376
-0.00060233
-0.000585163
-0.000567293
-0.000555542
-0.000545981
-0.000540971
-0.000537383
-0.000532321
-0.000517884
-0.00048376
)
;

boundaryField
{
    left
    {
        type            cyclic;
    }
    right
    {
        type            cyclic;
    }
    top
    {
        type            calculated;
        value           nonuniform List<scalar> 
120
(
-0.000526984
-0.000548797
-0.00054682
-0.000525635
-0.000479681
-0.000412671
-0.000327063
-0.000225702
-0.000112745
7.3915e-06
0.000131186
0.000254677
0.000374126
0.000486543
0.00058942
0.000680958
0.000760054
0.000826173
0.000879423
0.000920026
0.000948647
0.000966
0.000973026
0.000970473
0.000959384
0.000940411
0.000914536
0.000882102
0.000844001
0.000800329
0.000751944
0.000698536
0.00064098
0.00057847
0.000512166
0.000440281
0.000364717
0.000281792
0.000195251
9.72908e-05
-4.40434e-06
-0.000127242
-0.000256373
-0.000432565
-0.000641047
-0.00101151
-0.00143606
-0.000873499
-0.000645092
-0.000636982
-0.000605495
-0.000589272
-0.000571169
-0.000559718
-0.000550135
-0.000545379
-0.000542053
-0.000537385
-0.000523053
-0.000485525
-0.000527351
-0.000549035
-0.000546997
-0.000525781
-0.000479824
-0.000412833
-0.000327262
-0.000225942
-0.000113037
7.04868e-06
0.000130796
0.000254244
0.000373649
0.00048602
0.000588859
0.000680392
0.000759533
0.000825734
0.000879075
0.000919765
0.000948458
0.000965873
0.000972943
0.000970416
0.000959355
0.000940424
0.00091461
0.000882259
0.000844252
0.000800688
0.000752421
0.000699152
0.000641737
0.000579363
0.000513205
0.000441502
0.000366208
0.000283692
0.000197754
0.000100587
1.07187e-10
-0.000124344
-0.000254319
-0.000430982
-0.000639723
-0.00101015
-0.00143482
-0.000872403
-0.000644025
-0.000635984
-0.00060453
-0.000588217
-0.00056998
-0.000558379
-0.00054873
-0.000544011
-0.000540798
-0.000536309
-0.000522175
-0.000484855
)
;
    }
    bottom
    {
        type            calculated;
        value           nonuniform List<scalar> 
120
(
6.48048e-05
6.60492e-05
6.74839e-05
6.90933e-05
7.08599e-05
7.27641e-05
7.4785e-05
7.69003e-05
7.90865e-05
8.13195e-05
8.35742e-05
8.58257e-05
8.80488e-05
9.02187e-05
9.23113e-05
9.43032e-05
9.61722e-05
9.78975e-05
9.946e-05
0.000100842
0.000102029
0.000103008
0.000103768
0.0001043
0.000104599
0.000104663
0.00010449
0.000104082
0.000103445
0.000102586
0.000101514
0.000100242
9.87824e-05
9.71527e-05
9.53703e-05
9.3455e-05
9.14274e-05
8.93098e-05
8.71251e-05
8.4897e-05
8.26497e-05
8.04075e-05
7.81947e-05
7.6035e-05
7.3952e-05
7.19681e-05
7.01081e-05
6.83911e-05
6.68336e-05
6.54524e-05
6.42622e-05
6.32761e-05
6.25049e-05
6.19571e-05
6.16388e-05
6.15537e-05
6.17031e-05
6.20856e-05
6.26973e-05
6.3532e-05
6.45821e-05
6.58354e-05
6.72796e-05
6.88989e-05
7.06759e-05
7.2591e-05
7.46233e-05
7.67504e-05
7.89488e-05
8.11943e-05
8.34619e-05
8.57265e-05
8.7963e-05
9.01466e-05
9.2253e-05
9.42589e-05
9.6142e-05
9.78816e-05
9.94585e-05
0.000100855
0.000102057
0.00010305
0.000103824
0.00010437
0.000104683
0.000104761
0.000104601
0.000104207
0.000103583
0.000102736
0.000101677
0.000100416
9.89679e-05
9.7349e-05
9.5577e-05
9.36713e-05
9.16528e-05
8.95437e-05
8.73668e-05
8.51458e-05
8.29049e-05
8.06683e-05
7.84603e-05
7.63048e-05
7.42251e-05
7.22438e-05
7.03855e-05
6.86694e-05
6.71122e-05
6.57303e-05
6.45387e-05
6.35505e-05
6.27763e-05
6.22248e-05
6.1902e-05
6.18118e-05
6.19554e-05
6.23314e-05
6.2936e-05
6.3763e-05
)
;
    }
    frontAndBack
    {
        type            empty;
    }
}


// ************************************************************************* //
