/*--------------------------------*- C++ -*----------------------------------*\
| =========                 |                                                 |
| \\      /  F ield         | OpenFOAM: The Open Source CFD Toolbox           |
|  \\    /   O peration     | Version:  5.x                                   |
|   \\  /    A nd           | Web:      www.OpenFOAM.org                      |
|    \\/     M anipulation  |                                                 |
\*---------------------------------------------------------------------------*/
FoamFile
{
    version     2.0;
    format      ascii;
    class       volScalarField;
    location    "300/subsurface";
    object      pPrime2Mean;
}
// * * * * * * * * * * * * * * * * * * * * * * * * * * * * * * * * * * * * * //

dimensions      [0 4 -4 0 0 0 0];

internalField   nonuniform List<scalar> 
7200
(
7.79883e-07
7.78772e-07
7.78173e-07
7.78086e-07
7.78508e-07
7.79429e-07
7.80835e-07
7.82704e-07
7.85011e-07
7.87723e-07
7.90804e-07
7.94214e-07
7.97908e-07
8.01836e-07
8.05949e-07
8.10191e-07
8.14507e-07
8.1884e-07
8.23132e-07
8.27325e-07
8.31363e-07
8.35189e-07
8.38752e-07
8.41999e-07
8.44883e-07
8.47362e-07
8.49396e-07
8.50951e-07
8.51999e-07
8.52516e-07
8.52487e-07
8.51901e-07
8.50754e-07
8.49049e-07
8.46796e-07
8.44009e-07
8.40713e-07
8.36934e-07
8.32707e-07
8.28071e-07
8.23071e-07
8.17754e-07
8.12174e-07
8.06386e-07
8.00447e-07
7.94417e-07
7.88364e-07
7.82343e-07
7.76405e-07
7.70613e-07
7.65028e-07
7.59707e-07
7.54707e-07
7.50083e-07
7.45883e-07
7.42155e-07
7.3894e-07
7.36272e-07
7.34181e-07
7.32691e-07
7.31812e-07
7.31556e-07
7.31933e-07
7.32941e-07
7.34577e-07
7.36829e-07
7.39679e-07
7.43106e-07
7.4708e-07
7.51568e-07
7.5653e-07
7.61922e-07
7.67696e-07
7.73799e-07
7.80174e-07
7.86763e-07
7.93502e-07
8.0033e-07
8.07179e-07
8.13986e-07
8.20685e-07
8.27212e-07
8.33505e-07
8.39503e-07
8.4515e-07
8.50393e-07
8.55183e-07
8.59477e-07
8.63235e-07
8.66427e-07
8.69026e-07
8.71014e-07
8.72377e-07
8.73111e-07
8.73217e-07
8.72706e-07
8.71591e-07
8.69897e-07
8.67651e-07
8.64889e-07
8.6165e-07
8.57981e-07
8.5393e-07
8.49551e-07
8.449e-07
8.40035e-07
8.35023e-07
8.29919e-07
8.24778e-07
8.19659e-07
8.14622e-07
8.09724e-07
8.05021e-07
8.00566e-07
7.96408e-07
7.92593e-07
7.89162e-07
7.86149e-07
7.83586e-07
7.81494e-07
7.78544e-07
7.77401e-07
7.76786e-07
7.76702e-07
7.77145e-07
7.78105e-07
7.79568e-07
7.81511e-07
7.83908e-07
7.86727e-07
7.89929e-07
7.93474e-07
7.97313e-07
8.01398e-07
8.05674e-07
8.10087e-07
8.14577e-07
8.19086e-07
8.23555e-07
8.27922e-07
8.3213e-07
8.3612e-07
8.39838e-07
8.4323e-07
8.46247e-07
8.48845e-07
8.50982e-07
8.52623e-07
8.53739e-07
8.54306e-07
8.54305e-07
8.53727e-07
8.52567e-07
8.50827e-07
8.48518e-07
8.45654e-07
8.4226e-07
8.38363e-07
8.34e-07
8.2921e-07
8.2404e-07
8.18539e-07
8.12762e-07
8.06766e-07
8.00612e-07
7.94361e-07
7.88091e-07
7.81867e-07
7.75744e-07
7.69778e-07
7.64031e-07
7.58565e-07
7.53436e-07
7.487e-07
7.44408e-07
7.40606e-07
7.37335e-07
7.3463e-07
7.32522e-07
7.31032e-07
7.30138e-07
7.29855e-07
7.30221e-07
7.31238e-07
7.32901e-07
7.35199e-07
7.38115e-07
7.41626e-07
7.45702e-07
7.50309e-07
7.55407e-07
7.60949e-07
7.66886e-07
7.73163e-07
7.79723e-07
7.86503e-07
7.9344e-07
8.00467e-07
8.07519e-07
8.14526e-07
8.21422e-07
8.2814e-07
8.34615e-07
8.40787e-07
8.46595e-07
8.51984e-07
8.56905e-07
8.61312e-07
8.65165e-07
8.68431e-07
8.71084e-07
8.73102e-07
8.74474e-07
8.75195e-07
8.75265e-07
8.74693e-07
8.73498e-07
8.71701e-07
8.69332e-07
8.66428e-07
8.63031e-07
8.59187e-07
8.54948e-07
8.50368e-07
8.45508e-07
8.40426e-07
8.35197e-07
8.29886e-07
8.24551e-07
8.19251e-07
8.14045e-07
8.08993e-07
8.04153e-07
7.99578e-07
7.95318e-07
7.91421e-07
7.87925e-07
7.84868e-07
7.82277e-07
7.80176e-07
7.75981e-07
7.74777e-07
7.74132e-07
7.74052e-07
7.74531e-07
7.75563e-07
7.77129e-07
7.7921e-07
7.81775e-07
7.84792e-07
7.8822e-07
7.92015e-07
7.96128e-07
8.00506e-07
8.05092e-07
8.09826e-07
8.14647e-07
8.19491e-07
8.24296e-07
8.28997e-07
8.33531e-07
8.37838e-07
8.41856e-07
8.45532e-07
8.4881e-07
8.51644e-07
8.53989e-07
8.55807e-07
8.57067e-07
8.57741e-07
8.57811e-07
8.57264e-07
8.56095e-07
8.54306e-07
8.51906e-07
8.48912e-07
8.45347e-07
8.41241e-07
8.36632e-07
8.31562e-07
8.2608e-07
8.20238e-07
8.14095e-07
8.07711e-07
8.01151e-07
7.94481e-07
7.87791e-07
7.81168e-07
7.74668e-07
7.68348e-07
7.62273e-07
7.56507e-07
7.51111e-07
7.46143e-07
7.41654e-07
7.37693e-07
7.34301e-07
7.31516e-07
7.29364e-07
7.27868e-07
7.26945e-07
7.26607e-07
7.26952e-07
7.27982e-07
7.29693e-07
7.32075e-07
7.3511e-07
7.38775e-07
7.43039e-07
7.47866e-07
7.53214e-07
7.59035e-07
7.65276e-07
7.71879e-07
7.78784e-07
7.85924e-07
7.93232e-07
8.00639e-07
8.08072e-07
8.15459e-07
8.22731e-07
8.29814e-07
8.36642e-07
8.43148e-07
8.49268e-07
8.54945e-07
8.60125e-07
8.64758e-07
8.68804e-07
8.72225e-07
8.74993e-07
8.77087e-07
8.78492e-07
8.79202e-07
8.79218e-07
8.78551e-07
8.77217e-07
8.7524e-07
8.72653e-07
8.69493e-07
8.65805e-07
8.6164e-07
8.57052e-07
8.521e-07
8.46846e-07
8.41358e-07
8.35712e-07
8.29997e-07
8.24276e-07
8.18611e-07
8.13066e-07
8.07704e-07
8.02583e-07
7.97762e-07
7.93291e-07
7.89219e-07
7.85588e-07
7.82432e-07
7.7978e-07
7.77654e-07
7.72273e-07
7.70978e-07
7.7029e-07
7.70213e-07
7.70745e-07
7.71876e-07
7.73592e-07
7.75869e-07
7.78676e-07
7.81977e-07
7.8573e-07
7.89887e-07
7.94395e-07
7.99195e-07
8.04227e-07
8.09426e-07
8.14725e-07
8.20056e-07
8.25348e-07
8.30533e-07
8.35542e-07
8.40308e-07
8.44767e-07
8.48855e-07
8.52517e-07
8.55697e-07
8.58349e-07
8.6043e-07
8.61904e-07
8.62742e-07
8.62921e-07
8.62427e-07
8.61254e-07
8.59401e-07
8.56878e-07
8.53703e-07
8.49898e-07
8.45497e-07
8.40538e-07
8.35068e-07
8.29139e-07
8.22807e-07
8.16136e-07
8.09193e-07
8.02046e-07
7.9477e-07
7.87467e-07
7.80257e-07
7.73202e-07
7.66359e-07
7.59799e-07
7.53591e-07
7.47799e-07
7.42486e-07
7.37705e-07
7.33509e-07
7.29939e-07
7.27032e-07
7.24815e-07
7.2331e-07
7.22345e-07
7.21927e-07
7.22238e-07
7.23285e-07
7.25063e-07
7.27563e-07
7.30768e-07
7.34652e-07
7.39184e-07
7.44326e-07
7.50033e-07
7.56253e-07
7.62931e-07
7.70003e-07
7.77404e-07
7.85063e-07
7.92907e-07
8.00859e-07
8.08844e-07
8.16782e-07
8.24597e-07
8.3221e-07
8.39549e-07
8.46541e-07
8.53117e-07
8.59213e-07
8.64771e-07
8.69738e-07
8.74067e-07
8.77719e-07
8.80661e-07
8.8287e-07
8.84329e-07
8.85031e-07
8.84977e-07
8.84177e-07
8.82649e-07
8.80418e-07
8.77519e-07
8.73994e-07
8.6989e-07
8.65262e-07
8.6017e-07
8.5468e-07
8.48859e-07
8.4278e-07
8.36529e-07
8.30221e-07
8.23935e-07
8.17735e-07
8.1169e-07
8.0587e-07
8.00337e-07
7.95152e-07
7.90371e-07
7.86042e-07
7.82209e-07
7.78908e-07
7.76167e-07
7.74005e-07
7.6747e-07
7.66058e-07
7.65311e-07
7.65237e-07
7.65834e-07
7.67095e-07
7.69003e-07
7.71533e-07
7.74652e-07
7.78322e-07
7.82496e-07
7.87122e-07
7.92141e-07
7.97489e-07
8.03101e-07
8.08903e-07
8.14823e-07
8.20784e-07
8.26711e-07
8.32526e-07
8.38153e-07
8.43518e-07
8.48549e-07
8.53178e-07
8.57339e-07
8.60975e-07
8.6403e-07
8.66457e-07
8.68215e-07
8.69271e-07
8.69598e-07
8.69179e-07
8.68005e-07
8.66076e-07
8.634e-07
8.59994e-07
8.55884e-07
8.51103e-07
8.45694e-07
8.39707e-07
8.33199e-07
8.26233e-07
8.18877e-07
8.11205e-07
8.03296e-07
7.95229e-07
7.87128e-07
7.79148e-07
7.71366e-07
7.63838e-07
7.56644e-07
7.49857e-07
7.43548e-07
7.37784e-07
7.32624e-07
7.28121e-07
7.24319e-07
7.21255e-07
7.18956e-07
7.17441e-07
7.16424e-07
7.15898e-07
7.16164e-07
7.17229e-07
7.19091e-07
7.21741e-07
7.25162e-07
7.29327e-07
7.34204e-07
7.39752e-07
7.45921e-07
7.52658e-07
7.59899e-07
7.67578e-07
7.7562e-07
7.83951e-07
7.92488e-07
8.01148e-07
8.09848e-07
8.185e-07
8.27019e-07
8.35321e-07
8.43324e-07
8.50947e-07
8.58116e-07
8.64759e-07
8.70811e-07
8.76214e-07
8.80914e-07
8.84869e-07
8.88041e-07
8.90403e-07
8.91936e-07
8.92632e-07
8.92491e-07
8.91522e-07
8.89744e-07
8.87185e-07
8.83884e-07
8.79884e-07
8.75239e-07
8.7001e-07
8.64263e-07
8.58071e-07
8.5151e-07
8.44661e-07
8.3762e-07
8.30535e-07
8.23509e-07
8.16609e-07
8.09913e-07
8.03494e-07
7.97424e-07
7.91766e-07
7.8658e-07
7.81919e-07
7.77826e-07
7.74338e-07
7.71483e-07
7.69278e-07
7.61605e-07
7.60047e-07
7.59226e-07
7.59154e-07
7.59831e-07
7.61249e-07
7.6339e-07
7.66228e-07
7.69729e-07
7.7385e-07
7.78539e-07
7.83739e-07
7.89384e-07
7.95405e-07
8.01726e-07
8.08268e-07
8.1495e-07
8.21685e-07
8.2839e-07
8.34978e-07
8.41364e-07
8.47465e-07
8.53201e-07
8.58494e-07
8.63273e-07
8.6747e-07
8.71023e-07
8.73879e-07
8.75991e-07
8.77319e-07
8.77834e-07
8.77514e-07
8.76346e-07
8.74329e-07
8.71471e-07
8.67787e-07
8.63306e-07
8.58064e-07
8.52106e-07
8.45487e-07
8.3827e-07
8.30524e-07
8.22328e-07
8.13762e-07
8.04914e-07
7.95875e-07
7.86788e-07
7.77858e-07
7.6918e-07
7.6081e-07
7.52834e-07
7.45336e-07
7.38394e-07
7.32079e-07
7.26455e-07
7.21578e-07
7.17495e-07
7.14242e-07
7.11847e-07
7.10324e-07
7.09242e-07
7.08583e-07
7.08791e-07
7.09874e-07
7.11835e-07
7.14665e-07
7.18346e-07
7.22852e-07
7.28148e-07
7.34189e-07
7.40923e-07
7.48289e-07
7.56218e-07
7.64637e-07
7.73464e-07
7.82615e-07
7.92e-07
8.01527e-07
8.11101e-07
8.20627e-07
8.30009e-07
8.39155e-07
8.47971e-07
8.56369e-07
8.64265e-07
8.7158e-07
8.78239e-07
8.84177e-07
8.89336e-07
8.93664e-07
8.9712e-07
8.99673e-07
9.01301e-07
9.01992e-07
9.01746e-07
9.00571e-07
8.98488e-07
8.95528e-07
8.91731e-07
8.87148e-07
8.81838e-07
8.75869e-07
8.69314e-07
8.62257e-07
8.54783e-07
8.46982e-07
8.38965e-07
8.30923e-07
8.22984e-07
8.15223e-07
8.07725e-07
8.00573e-07
7.93844e-07
7.87609e-07
7.8193e-07
7.76864e-07
7.72457e-07
7.68745e-07
7.65756e-07
7.63504e-07
7.54698e-07
7.52965e-07
7.52055e-07
7.51983e-07
7.52751e-07
7.54352e-07
7.56768e-07
7.5997e-07
7.63922e-07
7.68575e-07
7.73873e-07
7.79752e-07
7.86138e-07
7.92955e-07
8.00116e-07
8.07535e-07
8.15117e-07
8.2277e-07
8.30396e-07
8.379e-07
8.45186e-07
8.5216e-07
8.58733e-07
8.64816e-07
8.70328e-07
8.75193e-07
8.79341e-07
8.8271e-07
8.85246e-07
8.86904e-07
8.87646e-07
8.87449e-07
8.86295e-07
8.84181e-07
8.81112e-07
8.77106e-07
8.7219e-07
8.66405e-07
8.598e-07
8.52434e-07
8.44378e-07
8.35709e-07
8.26515e-07
8.16886e-07
8.06923e-07
7.96728e-07
7.86468e-07
7.76408e-07
7.66664e-07
7.57294e-07
7.48394e-07
7.40056e-07
7.32366e-07
7.25403e-07
7.19234e-07
7.13919e-07
7.09508e-07
7.06037e-07
7.03532e-07
7.02006e-07
7.00851e-07
7.0003e-07
7.00163e-07
7.01264e-07
7.03336e-07
7.06374e-07
7.10359e-07
7.15264e-07
7.21051e-07
7.27673e-07
7.3507e-07
7.43177e-07
7.51918e-07
7.61209e-07
7.70963e-07
7.81082e-07
7.91468e-07
8.02018e-07
8.12625e-07
8.23184e-07
8.33587e-07
8.43729e-07
8.53508e-07
8.62823e-07
8.7158e-07
8.79689e-07
8.87069e-07
8.93643e-07
8.99345e-07
9.04118e-07
9.07914e-07
9.10696e-07
9.12437e-07
9.13125e-07
9.12755e-07
9.11337e-07
9.08894e-07
9.05457e-07
9.01072e-07
8.95795e-07
8.89693e-07
8.82841e-07
8.75324e-07
8.67234e-07
8.5867e-07
8.49735e-07
8.40552e-07
8.31369e-07
8.22346e-07
8.13563e-07
8.05117e-07
7.97098e-07
7.89593e-07
7.82677e-07
7.76421e-07
7.70882e-07
7.6611e-07
7.62141e-07
7.59001e-07
7.56701e-07
7.46761e-07
7.44822e-07
7.43807e-07
7.43731e-07
7.44602e-07
7.46412e-07
7.49144e-07
7.52766e-07
7.57237e-07
7.62506e-07
7.68507e-07
7.7517e-07
7.82414e-07
7.9015e-07
7.98283e-07
8.06714e-07
8.1534e-07
8.24053e-07
8.32745e-07
8.41309e-07
8.49636e-07
8.57621e-07
8.65163e-07
8.72162e-07
8.78525e-07
8.84167e-07
8.89008e-07
8.92976e-07
8.96008e-07
8.98053e-07
8.99067e-07
8.9902e-07
8.9789e-07
8.95671e-07
8.92366e-07
8.87993e-07
8.82581e-07
8.76171e-07
8.6882e-07
8.60592e-07
8.51565e-07
8.41827e-07
8.31475e-07
8.20614e-07
8.09355e-07
7.97816e-07
7.86192e-07
7.74819e-07
7.6384e-07
7.53312e-07
7.43344e-07
7.34038e-07
7.25489e-07
7.1778e-07
7.10988e-07
7.05175e-07
7.00391e-07
6.96675e-07
6.94051e-07
6.92528e-07
6.91288e-07
6.90275e-07
6.90317e-07
6.91432e-07
6.93628e-07
6.96899e-07
7.0123e-07
7.06591e-07
7.12941e-07
7.20228e-07
7.28389e-07
7.37348e-07
7.47023e-07
7.57321e-07
7.68141e-07
7.79378e-07
7.90918e-07
8.02648e-07
8.14447e-07
8.26197e-07
8.37778e-07
8.49071e-07
8.59961e-07
8.70335e-07
8.80087e-07
8.89116e-07
8.97329e-07
9.04639e-07
9.10972e-07
9.16262e-07
9.20452e-07
9.23501e-07
9.25377e-07
9.26062e-07
9.25551e-07
9.23854e-07
9.20993e-07
9.17003e-07
9.11935e-07
9.05852e-07
8.98827e-07
8.90946e-07
8.82307e-07
8.73013e-07
8.63178e-07
8.52919e-07
8.42378e-07
8.31867e-07
8.21585e-07
8.11619e-07
8.02076e-07
7.93059e-07
7.84661e-07
7.76967e-07
7.7005e-07
7.63974e-07
7.58789e-07
7.54532e-07
7.51226e-07
7.4888e-07
7.37802e-07
7.35626e-07
7.34485e-07
7.34403e-07
7.35387e-07
7.37433e-07
7.40521e-07
7.44618e-07
7.49679e-07
7.55645e-07
7.62447e-07
7.70001e-07
7.78219e-07
7.87e-07
7.96238e-07
8.05821e-07
8.15632e-07
8.2555e-07
8.35455e-07
8.45224e-07
8.54736e-07
8.63872e-07
8.72516e-07
8.80559e-07
8.87894e-07
8.94423e-07
9.00056e-07
9.0471e-07
9.08315e-07
9.10808e-07
9.1214e-07
9.12272e-07
9.11179e-07
9.08849e-07
9.05285e-07
9.00502e-07
8.94532e-07
8.87418e-07
8.79222e-07
8.70015e-07
8.59884e-07
8.48927e-07
8.37255e-07
8.24986e-07
8.12247e-07
7.99174e-07
7.8599e-07
7.73117e-07
7.6073e-07
7.48886e-07
7.37706e-07
7.27305e-07
7.17785e-07
7.09238e-07
7.01746e-07
6.95374e-07
6.90176e-07
6.86189e-07
6.83437e-07
6.81923e-07
6.80588e-07
6.7935e-07
6.79282e-07
6.80406e-07
6.82734e-07
6.86265e-07
6.90982e-07
6.96854e-07
7.03838e-07
7.11877e-07
7.209e-07
7.30825e-07
7.41558e-07
7.52995e-07
7.65025e-07
7.77528e-07
7.90378e-07
8.03445e-07
8.16596e-07
8.29698e-07
8.42614e-07
8.55212e-07
8.67363e-07
8.7894e-07
8.89822e-07
8.99896e-07
9.09056e-07
9.17205e-07
9.24257e-07
9.30136e-07
9.34779e-07
9.38134e-07
9.40166e-07
9.40851e-07
9.40183e-07
9.38168e-07
9.34832e-07
9.30212e-07
9.24363e-07
9.17356e-07
9.09274e-07
9.00215e-07
8.90287e-07
8.79612e-07
8.68318e-07
8.56541e-07
8.44441e-07
8.32411e-07
8.20694e-07
8.09381e-07
7.98594e-07
7.88447e-07
7.79042e-07
7.70471e-07
7.62814e-07
7.56138e-07
7.50493e-07
7.45919e-07
7.42437e-07
7.4005e-07
7.27827e-07
7.25379e-07
7.24094e-07
7.23999e-07
7.25107e-07
7.27413e-07
7.30899e-07
7.35528e-07
7.4125e-07
7.47999e-07
7.55697e-07
7.64253e-07
7.73564e-07
7.83518e-07
7.93997e-07
8.04872e-07
8.16013e-07
8.27284e-07
8.38549e-07
8.4967e-07
8.60511e-07
8.70939e-07
8.80823e-07
8.90038e-07
8.98466e-07
9.05995e-07
9.12523e-07
9.17956e-07
9.2221e-07
9.25216e-07
9.26914e-07
9.27258e-07
9.26217e-07
9.23775e-07
9.1993e-07
9.14697e-07
9.08107e-07
9.0021e-07
8.91069e-07
8.80764e-07
8.69393e-07
8.57066e-07
8.43906e-07
8.3005e-07
8.15642e-07
8.00837e-07
7.85893e-07
7.7133e-07
7.57359e-07
7.44039e-07
7.31504e-07
7.1988e-07
7.0928e-07
6.99803e-07
6.91535e-07
6.84546e-07
6.78892e-07
6.7461e-07
6.7172e-07
6.70224e-07
6.68782e-07
6.67285e-07
6.67084e-07
6.6821e-07
6.70679e-07
6.74492e-07
6.79634e-07
6.86074e-07
6.93763e-07
7.0264e-07
7.12626e-07
7.23629e-07
7.35544e-07
7.48257e-07
7.6164e-07
7.7556e-07
7.89876e-07
8.0444e-07
8.19105e-07
8.33719e-07
8.4813e-07
8.6219e-07
8.75753e-07
8.88676e-07
9.00825e-07
9.1207e-07
9.22294e-07
9.31385e-07
9.39246e-07
9.4579e-07
9.50943e-07
9.54648e-07
9.56858e-07
9.57548e-07
9.56705e-07
9.54337e-07
9.50466e-07
9.45137e-07
9.38407e-07
9.30357e-07
9.21079e-07
9.10685e-07
8.99299e-07
8.87058e-07
8.7411e-07
8.60611e-07
8.46746e-07
8.33001e-07
8.19667e-07
8.06843e-07
7.94665e-07
7.83257e-07
7.72731e-07
7.63188e-07
7.54712e-07
7.47373e-07
7.41226e-07
7.36308e-07
7.32638e-07
7.30215e-07
7.16841e-07
7.14086e-07
7.12635e-07
7.12521e-07
7.13762e-07
7.16355e-07
7.2028e-07
7.25498e-07
7.31953e-07
7.39572e-07
7.48266e-07
7.57934e-07
7.6846e-07
7.79719e-07
7.91574e-07
8.03885e-07
8.16503e-07
8.29276e-07
8.42051e-07
8.54673e-07
8.66991e-07
8.78853e-07
8.90114e-07
9.00634e-07
9.10279e-07
9.18923e-07
9.2645e-07
9.32754e-07
9.3774e-07
9.41325e-07
9.43442e-07
9.44034e-07
9.43065e-07
9.4051e-07
9.36366e-07
9.30644e-07
9.23378e-07
9.14616e-07
9.0443e-07
8.92909e-07
8.80159e-07
8.66304e-07
8.51486e-07
8.35858e-07
8.19586e-07
8.02846e-07
7.85936e-07
7.69486e-07
7.53755e-07
7.38797e-07
7.24764e-07
7.11792e-07
7.00003e-07
6.89505e-07
6.80387e-07
6.72725e-07
6.66573e-07
6.61971e-07
6.58935e-07
6.57463e-07
6.55901e-07
6.54107e-07
6.53749e-07
6.54867e-07
6.57483e-07
6.61601e-07
6.67207e-07
6.74269e-07
6.82735e-07
6.92536e-07
7.03586e-07
7.15782e-07
7.29008e-07
7.43133e-07
7.58015e-07
7.73505e-07
7.89444e-07
8.05668e-07
8.22008e-07
8.38297e-07
8.54365e-07
8.70044e-07
8.85171e-07
8.99586e-07
9.13139e-07
9.25685e-07
9.37089e-07
9.47228e-07
9.5599e-07
9.63276e-07
9.69002e-07
9.73098e-07
9.75513e-07
9.76213e-07
9.75181e-07
9.72422e-07
9.6796e-07
9.6184e-07
9.54128e-07
9.4491e-07
9.34293e-07
9.22402e-07
9.09379e-07
8.95381e-07
8.80576e-07
8.65146e-07
8.49302e-07
8.33641e-07
8.18507e-07
8.04005e-07
7.90286e-07
7.77486e-07
7.65728e-07
7.55117e-07
7.45745e-07
7.37684e-07
7.30991e-07
7.25703e-07
7.21835e-07
7.19384e-07
7.04853e-07
7.01753e-07
7.00112e-07
6.99972e-07
7.01354e-07
7.04259e-07
7.08666e-07
7.14531e-07
7.21794e-07
7.30371e-07
7.40164e-07
7.51058e-07
7.62924e-07
7.75619e-07
7.88991e-07
8.02883e-07
8.17126e-07
8.31552e-07
8.45988e-07
8.60262e-07
8.74204e-07
8.87645e-07
9.00423e-07
9.1238e-07
9.23367e-07
9.33243e-07
9.41877e-07
9.49149e-07
9.5495e-07
9.59185e-07
9.61776e-07
9.62658e-07
9.61782e-07
9.5912e-07
9.54661e-07
9.48416e-07
9.40415e-07
9.30712e-07
9.19381e-07
9.06521e-07
8.9225e-07
8.76709e-07
8.60055e-07
8.42465e-07
8.24128e-07
8.05244e-07
7.86155e-07
7.67619e-07
7.49946e-07
7.33189e-07
7.17514e-07
7.0307e-07
6.89987e-07
6.78379e-07
6.6834e-07
6.59947e-07
6.53257e-07
6.48309e-07
6.45117e-07
6.43675e-07
6.41976e-07
6.39845e-07
6.39304e-07
6.40401e-07
6.43168e-07
6.47612e-07
6.5372e-07
6.6146e-07
6.70775e-07
6.81588e-07
6.93805e-07
7.07311e-07
7.21975e-07
7.37651e-07
7.54181e-07
7.71396e-07
7.89118e-07
8.07163e-07
8.25345e-07
8.43473e-07
8.61358e-07
8.78814e-07
8.95659e-07
9.11713e-07
9.26809e-07
9.40784e-07
9.53489e-07
9.64783e-07
9.7454e-07
9.82647e-07
9.89009e-07
9.93545e-07
9.96192e-07
9.9691e-07
9.95676e-07
9.92491e-07
9.8738e-07
9.80388e-07
9.71589e-07
9.61077e-07
9.48973e-07
9.35417e-07
9.20572e-07
9.04616e-07
8.87745e-07
8.70165e-07
8.52122e-07
8.34335e-07
8.17214e-07
8.00868e-07
7.85461e-07
7.71141e-07
7.58039e-07
7.46268e-07
7.35924e-07
7.27082e-07
7.198e-07
7.14114e-07
7.10039e-07
7.07565e-07
6.91874e-07
6.88388e-07
6.86532e-07
6.86356e-07
6.87889e-07
6.91132e-07
6.96064e-07
7.02637e-07
7.10782e-07
7.20409e-07
7.31405e-07
7.43641e-07
7.56972e-07
7.71239e-07
7.86271e-07
8.0189e-07
8.17909e-07
8.3414e-07
8.5039e-07
8.66468e-07
8.82182e-07
8.97348e-07
9.11782e-07
9.25311e-07
9.37767e-07
9.48993e-07
9.58843e-07
9.6718e-07
9.73883e-07
9.78844e-07
9.81969e-07
9.83183e-07
9.82429e-07
9.79668e-07
9.74884e-07
9.68083e-07
9.59294e-07
9.48572e-07
9.35997e-07
9.21676e-07
9.05741e-07
8.88348e-07
8.69677e-07
8.49928e-07
8.29318e-07
8.08075e-07
7.86589e-07
7.65762e-07
7.45964e-07
7.27247e-07
7.09789e-07
6.93752e-07
6.79272e-07
6.66467e-07
6.55436e-07
6.46257e-07
6.38988e-07
6.33666e-07
6.30306e-07
6.28896e-07
6.27043e-07
6.24531e-07
6.23776e-07
6.24839e-07
6.27759e-07
6.32548e-07
6.39197e-07
6.47669e-07
6.57905e-07
6.6982e-07
6.83308e-07
6.98242e-07
7.14475e-07
7.31844e-07
7.50171e-07
7.69267e-07
7.88934e-07
8.08966e-07
8.29153e-07
8.49286e-07
8.69152e-07
8.88544e-07
9.07259e-07
9.251e-07
9.41878e-07
9.57414e-07
9.71538e-07
9.84096e-07
9.94944e-07
1.00396e-06
1.01102e-06
1.01604e-06
1.01896e-06
1.0197e-06
1.01826e-06
1.01461e-06
1.0088e-06
1.00085e-06
9.90859e-07
9.78923e-07
9.65179e-07
9.49784e-07
9.32924e-07
9.14803e-07
8.95646e-07
8.75689e-07
8.55217e-07
8.35094e-07
8.15798e-07
7.97439e-07
7.80196e-07
7.64229e-07
7.49676e-07
7.36655e-07
7.25264e-07
7.15583e-07
7.07668e-07
7.01558e-07
6.97264e-07
6.94771e-07
6.7792e-07
6.74004e-07
6.71905e-07
6.71685e-07
6.73376e-07
6.76983e-07
6.82483e-07
6.89826e-07
6.98932e-07
7.09701e-07
7.22007e-07
7.35704e-07
7.50629e-07
7.66605e-07
7.8344e-07
8.00935e-07
8.18883e-07
8.37072e-07
8.55289e-07
8.73321e-07
8.90958e-07
9.07992e-07
9.24223e-07
9.39457e-07
9.5351e-07
9.66206e-07
9.77382e-07
9.86886e-07
9.94581e-07
1.00034e-06
1.00407e-06
1.00566e-06
1.00506e-06
1.00222e-06
9.97102e-07
9.89717e-07
9.80089e-07
9.68274e-07
9.54356e-07
9.38451e-07
9.20705e-07
9.01293e-07
8.80418e-07
8.58307e-07
8.35208e-07
8.11385e-07
7.87275e-07
7.63949e-07
7.41843e-07
7.21004e-07
7.01627e-07
6.83878e-07
6.67902e-07
6.53818e-07
6.41727e-07
6.31706e-07
6.23815e-07
6.18091e-07
6.14547e-07
6.1317e-07
6.1114e-07
6.08199e-07
6.07198e-07
6.0821e-07
6.11284e-07
6.16438e-07
6.23664e-07
6.32924e-07
6.44154e-07
6.57261e-07
6.72126e-07
6.88608e-07
7.06542e-07
7.25747e-07
7.46023e-07
7.67159e-07
7.88933e-07
8.11117e-07
8.33477e-07
8.55778e-07
8.77788e-07
8.99275e-07
9.20014e-07
9.39788e-07
9.58388e-07
9.75614e-07
9.91279e-07
1.00521e-06
1.01725e-06
1.02725e-06
1.03508e-06
1.04065e-06
1.04386e-06
1.04465e-06
1.04299e-06
1.03886e-06
1.03228e-06
1.0233e-06
1.01201e-06
9.98516e-07
9.82973e-07
9.65559e-07
9.46484e-07
9.25982e-07
9.04311e-07
8.81742e-07
8.58605e-07
8.35929e-07
8.14266e-07
7.93728e-07
7.74507e-07
7.5677e-07
7.40661e-07
7.26301e-07
7.13792e-07
7.03212e-07
6.94621e-07
6.88057e-07
6.83529e-07
6.81021e-07
6.63008e-07
6.58617e-07
6.56247e-07
6.55971e-07
6.57828e-07
6.61826e-07
6.67941e-07
6.76115e-07
6.86263e-07
6.98269e-07
7.11993e-07
7.27272e-07
7.43923e-07
7.61746e-07
7.8053e-07
8.00051e-07
8.20079e-07
8.4038e-07
8.60717e-07
8.80855e-07
9.00561e-07
9.19609e-07
9.37776e-07
9.54849e-07
9.70625e-07
9.84911e-07
9.97525e-07
1.0083e-06
1.01708e-06
1.02372e-06
1.02811e-06
1.03014e-06
1.02973e-06
1.02682e-06
1.02138e-06
1.01339e-06
1.00287e-06
9.89895e-07
9.74537e-07
9.56926e-07
9.3722e-07
9.15616e-07
8.92344e-07
8.67661e-07
8.41851e-07
8.15217e-07
7.88254e-07
7.62215e-07
7.37616e-07
7.14499e-07
6.93067e-07
6.73496e-07
6.5593e-07
6.4049e-07
6.27272e-07
6.16355e-07
6.07798e-07
6.01639e-07
5.97891e-07
5.9654e-07
5.94307e-07
5.90887e-07
5.89605e-07
5.90548e-07
5.93775e-07
5.99311e-07
6.07151e-07
6.17256e-07
6.29554e-07
6.43944e-07
6.60294e-07
6.78445e-07
6.98215e-07
7.194e-07
7.41779e-07
7.65114e-07
7.89159e-07
8.1366e-07
8.38359e-07
8.62994e-07
8.87308e-07
9.11047e-07
9.33963e-07
9.55816e-07
9.76375e-07
9.95421e-07
1.01275e-06
1.02816e-06
1.04149e-06
1.05257e-06
1.06125e-06
1.06741e-06
1.07096e-06
1.07182e-06
1.06993e-06
1.06529e-06
1.0579e-06
1.04781e-06
1.03511e-06
1.01993e-06
1.00242e-06
9.82802e-07
9.61303e-07
9.38195e-07
9.13771e-07
8.88346e-07
8.62301e-07
8.3685e-07
8.12631e-07
7.8975e-07
7.68411e-07
7.48786e-07
7.31022e-07
7.1524e-07
7.01541e-07
6.90004e-07
6.80691e-07
6.73639e-07
6.68861e-07
6.66335e-07
6.47162e-07
6.42248e-07
6.39577e-07
6.39234e-07
6.41265e-07
6.45681e-07
6.52457e-07
6.61528e-07
6.72799e-07
6.8614e-07
7.01393e-07
7.18377e-07
7.36886e-07
7.56698e-07
7.77576e-07
7.99273e-07
8.21533e-07
8.44098e-07
8.66706e-07
8.891e-07
9.11023e-07
9.32226e-07
9.52467e-07
9.71512e-07
9.89137e-07
1.00513e-06
1.01929e-06
1.03144e-06
1.0414e-06
1.04901e-06
1.05414e-06
1.05666e-06
1.05649e-06
1.05354e-06
1.04777e-06
1.03916e-06
1.02772e-06
1.01351e-06
9.9662e-07
9.77179e-07
9.55364e-07
9.31392e-07
9.05522e-07
8.78049e-07
8.49298e-07
8.19617e-07
7.8956e-07
7.60593e-07
7.33318e-07
7.07768e-07
6.84157e-07
6.62659e-07
6.43417e-07
6.26547e-07
6.1214e-07
6.00273e-07
5.91003e-07
5.84371e-07
5.80394e-07
5.79057e-07
5.76591e-07
5.72639e-07
5.71038e-07
5.71892e-07
5.7527e-07
5.81205e-07
5.89696e-07
6.007e-07
6.14142e-07
6.29907e-07
6.4785e-07
6.67795e-07
6.89536e-07
7.12848e-07
7.37483e-07
7.63177e-07
7.89658e-07
8.16641e-07
8.43843e-07
8.70975e-07
8.97754e-07
9.23901e-07
9.49143e-07
9.73218e-07
9.95873e-07
1.01687e-06
1.03598e-06
1.05299e-06
1.0677e-06
1.07994e-06
1.08955e-06
1.09638e-06
1.10031e-06
1.10126e-06
1.09915e-06
1.09397e-06
1.08572e-06
1.07445e-06
1.06023e-06
1.04322e-06
1.02359e-06
1.00157e-06
9.77434e-07
9.51483e-07
9.24059e-07
8.95524e-07
8.66319e-07
8.3787e-07
8.10905e-07
7.85523e-07
7.61933e-07
7.4031e-07
7.20797e-07
7.03513e-07
6.88556e-07
6.76004e-07
6.65919e-07
6.58344e-07
6.53291e-07
6.50742e-07
6.30411e-07
6.24925e-07
6.21921e-07
6.21497e-07
6.23711e-07
6.28574e-07
6.36059e-07
6.46094e-07
6.58571e-07
6.73347e-07
6.90243e-07
7.09055e-07
7.29557e-07
7.51498e-07
7.74617e-07
7.98639e-07
8.23283e-07
8.48263e-07
8.73292e-07
8.98089e-07
9.22372e-07
9.4587e-07
9.68319e-07
9.89465e-07
1.00906e-06
1.02688e-06
1.04271e-06
1.05633e-06
1.06756e-06
1.07623e-06
1.08217e-06
1.08526e-06
1.08537e-06
1.08242e-06
1.07633e-06
1.06709e-06
1.0547e-06
1.0392e-06
1.02068e-06
9.99293e-07
9.75216e-07
9.48696e-07
9.20023e-07
8.89533e-07
8.576e-07
8.24624e-07
7.91229e-07
7.59114e-07
7.28982e-07
7.00851e-07
6.74941e-07
6.51423e-07
6.30428e-07
6.12062e-07
5.96409e-07
5.83537e-07
5.73506e-07
5.66358e-07
5.62118e-07
5.60777e-07
5.58042e-07
5.53502e-07
5.51543e-07
5.52284e-07
5.5581e-07
5.62162e-07
5.71339e-07
5.833e-07
5.9796e-07
6.15195e-07
6.34841e-07
6.56704e-07
6.80554e-07
7.0614e-07
7.33185e-07
7.61399e-07
7.90477e-07
8.20108e-07
8.49975e-07
8.79765e-07
9.09166e-07
9.37872e-07
9.65587e-07
9.92024e-07
1.01691e-06
1.03998e-06
1.06099e-06
1.07971e-06
1.09591e-06
1.10941e-06
1.12002e-06
1.12757e-06
1.13194e-06
1.13301e-06
1.1307e-06
1.12497e-06
1.11582e-06
1.10328e-06
1.08746e-06
1.06848e-06
1.04655e-06
1.02194e-06
9.94929e-07
9.65889e-07
9.35206e-07
9.03297e-07
8.70672e-07
8.38998e-07
8.09103e-07
7.81066e-07
7.55101e-07
7.31378e-07
7.10032e-07
6.91173e-07
6.74891e-07
6.61264e-07
6.50357e-07
6.42214e-07
6.36858e-07
6.34273e-07
6.12787e-07
6.06676e-07
6.03307e-07
6.02792e-07
6.05196e-07
6.10536e-07
6.18779e-07
6.29848e-07
6.43618e-07
6.59929e-07
6.78583e-07
6.99351e-07
7.21978e-07
7.46191e-07
7.71697e-07
7.98192e-07
8.25368e-07
8.52912e-07
8.80509e-07
9.07851e-07
9.34634e-07
9.60563e-07
9.85352e-07
1.00872e-06
1.03042e-06
1.05018e-06
1.06778e-06
1.08298e-06
1.09558e-06
1.10539e-06
1.11223e-06
1.11595e-06
1.1164e-06
1.11348e-06
1.10712e-06
1.09725e-06
1.08387e-06
1.06703e-06
1.04681e-06
1.02335e-06
9.96858e-07
9.67604e-07
9.35914e-07
9.02172e-07
8.66805e-07
8.30278e-07
7.93289e-07
7.57803e-07
7.24635e-07
6.93786e-07
6.65471e-07
6.3985e-07
6.17037e-07
5.97118e-07
5.80164e-07
5.66235e-07
5.55389e-07
5.47677e-07
5.43132e-07
5.41757e-07
5.38713e-07
5.33528e-07
5.31168e-07
5.31774e-07
5.35444e-07
5.42228e-07
5.52129e-07
5.65104e-07
5.81059e-07
5.99857e-07
6.21318e-07
6.45224e-07
6.71321e-07
6.99327e-07
7.28939e-07
7.59831e-07
7.91668e-07
8.24107e-07
8.56801e-07
8.89406e-07
9.21581e-07
9.52995e-07
9.83324e-07
1.01226e-06
1.0395e-06
1.06477e-06
1.0878e-06
1.10833e-06
1.12613e-06
1.14098e-06
1.15267e-06
1.16102e-06
1.16588e-06
1.16712e-06
1.16462e-06
1.15834e-06
1.14826e-06
1.1344e-06
1.11685e-06
1.09577e-06
1.07138e-06
1.04395e-06
1.01384e-06
9.81455e-07
9.4724e-07
9.11681e-07
8.75369e-07
8.40242e-07
8.07234e-07
7.764e-07
7.47948e-07
7.22036e-07
6.98782e-07
6.7828e-07
6.60612e-07
6.4585e-07
6.34063e-07
6.25304e-07
6.19607e-07
6.16965e-07
5.94328e-07
5.8754e-07
5.83772e-07
5.83153e-07
5.85758e-07
5.91606e-07
6.00659e-07
6.12831e-07
6.27983e-07
6.45933e-07
6.6646e-07
6.8931e-07
7.14199e-07
7.40823e-07
7.6886e-07
7.97976e-07
8.27831e-07
8.58082e-07
8.88389e-07
9.18416e-07
9.47834e-07
9.76325e-07
1.00358e-06
1.0293e-06
1.0532e-06
1.07502e-06
1.0945e-06
1.11138e-06
1.12546e-06
1.1365e-06
1.14433e-06
1.14875e-06
1.14961e-06
1.14678e-06
1.14016e-06
1.12968e-06
1.11531e-06
1.09708e-06
1.07507e-06
1.04943e-06
1.02037e-06
9.88196e-07
9.53268e-07
9.16025e-07
8.7696e-07
8.36612e-07
7.95765e-07
7.56683e-07
7.20304e-07
6.86607e-07
6.55795e-07
6.28004e-07
6.03321e-07
5.81803e-07
5.63499e-07
5.4846e-07
5.36743e-07
5.28409e-07
5.23509e-07
5.22063e-07
5.18662e-07
5.12773e-07
5.0997e-07
5.10416e-07
5.14225e-07
5.21458e-07
5.3212e-07
5.46166e-07
5.63493e-07
5.8395e-07
6.07337e-07
6.33412e-07
6.61894e-07
6.92469e-07
7.24799e-07
7.58528e-07
7.93283e-07
8.28689e-07
8.64366e-07
8.99938e-07
9.35035e-07
9.69297e-07
1.00238e-06
1.03394e-06
1.06367e-06
1.09126e-06
1.11642e-06
1.13887e-06
1.15837e-06
1.17466e-06
1.18752e-06
1.19675e-06
1.20217e-06
1.20361e-06
1.20096e-06
1.19414e-06
1.18309e-06
1.16785e-06
1.14849e-06
1.12517e-06
1.09814e-06
1.06769e-06
1.03423e-06
9.98222e-07
9.60188e-07
9.20689e-07
8.80413e-07
8.41604e-07
8.05308e-07
7.71545e-07
7.40509e-07
7.12333e-07
6.87109e-07
6.64907e-07
6.45792e-07
6.29834e-07
6.17105e-07
6.07673e-07
6.01588e-07
5.98859e-07
5.75076e-07
5.67556e-07
5.63357e-07
5.62623e-07
5.6544e-07
5.71828e-07
5.81745e-07
5.95093e-07
6.11716e-07
6.3141e-07
6.53928e-07
6.78987e-07
7.06272e-07
7.35447e-07
7.66157e-07
7.98036e-07
8.30712e-07
8.63812e-07
8.96966e-07
9.29811e-07
9.61992e-07
9.93168e-07
1.02301e-06
1.05119e-06
1.07742e-06
1.1014e-06
1.12286e-06
1.14154e-06
1.15718e-06
1.16955e-06
1.17845e-06
1.18366e-06
1.185e-06
1.18232e-06
1.17549e-06
1.16442e-06
1.14906e-06
1.12941e-06
1.10555e-06
1.07761e-06
1.04584e-06
1.01055e-06
9.72156e-07
9.31151e-07
8.8811e-07
8.43656e-07
7.98674e-07
7.55765e-07
7.16008e-07
6.79346e-07
6.45961e-07
6.15952e-07
5.89363e-07
5.66211e-07
5.46516e-07
5.30314e-07
5.17665e-07
5.08645e-07
5.03328e-07
5.01762e-07
4.97953e-07
4.91298e-07
4.88009e-07
4.88272e-07
4.92215e-07
4.99912e-07
5.11373e-07
5.26546e-07
5.45322e-07
5.67534e-07
5.9296e-07
6.21331e-07
6.52334e-07
6.85625e-07
7.20827e-07
7.57546e-07
7.95376e-07
8.33903e-07
8.72713e-07
9.11398e-07
9.49558e-07
9.86805e-07
1.02277e-06
1.05708e-06
1.08941e-06
1.11943e-06
1.14683e-06
1.17131e-06
1.1926e-06
1.21044e-06
1.22456e-06
1.23475e-06
1.2408e-06
1.24252e-06
1.23975e-06
1.2324e-06
1.22038e-06
1.20371e-06
1.18245e-06
1.15676e-06
1.1269e-06
1.09321e-06
1.05614e-06
1.01623e-06
9.74072e-07
9.30328e-07
8.858e-07
8.43079e-07
8.03328e-07
7.6652e-07
7.32821e-07
7.02324e-07
6.75081e-07
6.51131e-07
6.30516e-07
6.13299e-07
5.99559e-07
5.89387e-07
5.82857e-07
5.80004e-07
5.55076e-07
5.46772e-07
5.42108e-07
5.4125e-07
5.4429e-07
5.51253e-07
5.62091e-07
5.7669e-07
5.94875e-07
6.16418e-07
6.41044e-07
6.68438e-07
6.98253e-07
7.30117e-07
7.6364e-07
7.98421e-07
8.34056e-07
8.70138e-07
9.0627e-07
9.42058e-07
9.77125e-07
1.0111e-06
1.04364e-06
1.0744e-06
1.10306e-06
1.12931e-06
1.15285e-06
1.17341e-06
1.19072e-06
1.20452e-06
1.21458e-06
1.22067e-06
1.22258e-06
1.22012e-06
1.21315e-06
1.20152e-06
1.18518e-06
1.16409e-06
1.13832e-06
1.10799e-06
1.07336e-06
1.03476e-06
9.92653e-07
9.47612e-07
9.00295e-07
8.51432e-07
8.02024e-07
7.55053e-07
7.11755e-07
6.72028e-07
6.36016e-07
6.03762e-07
5.7525e-07
5.50444e-07
5.29323e-07
5.11907e-07
4.98259e-07
4.88478e-07
4.82671e-07
4.80924e-07
4.76651e-07
4.69171e-07
4.65353e-07
4.65407e-07
4.69481e-07
4.77659e-07
4.89954e-07
5.06313e-07
5.26616e-07
5.50678e-07
5.78254e-07
6.09046e-07
6.42709e-07
6.78859e-07
7.17083e-07
7.56945e-07
7.98001e-07
8.39798e-07
8.81886e-07
9.23823e-07
9.6518e-07
1.00554e-06
1.0445e-06
1.08169e-06
1.11673e-06
1.14929e-06
1.17903e-06
1.20564e-06
1.22883e-06
1.2483e-06
1.26378e-06
1.27503e-06
1.28179e-06
1.28385e-06
1.28102e-06
1.27316e-06
1.26018e-06
1.24204e-06
1.2188e-06
1.19062e-06
1.15776e-06
1.1206e-06
1.07965e-06
1.03551e-06
9.88911e-07
9.40598e-07
8.91518e-07
8.44653e-07
8.01293e-07
7.61341e-07
7.24919e-07
6.92066e-07
6.62776e-07
6.37041e-07
6.14875e-07
5.96334e-07
5.8151e-07
5.70521e-07
5.63477e-07
5.60449e-07
5.34381e-07
5.25238e-07
5.20079e-07
5.19086e-07
5.22366e-07
5.29941e-07
5.41756e-07
5.57682e-07
5.77523e-07
6.01022e-07
6.27873e-07
6.57728e-07
6.90204e-07
7.24891e-07
7.61362e-07
7.9918e-07
8.37905e-07
8.77098e-07
9.1633e-07
9.5518e-07
9.93245e-07
1.03013e-06
1.06548e-06
1.09891e-06
1.1301e-06
1.15871e-06
1.18444e-06
1.20698e-06
1.22605e-06
1.24138e-06
1.2527e-06
1.25976e-06
1.26233e-06
1.26018e-06
1.25313e-06
1.24101e-06
1.22371e-06
1.20119e-06
1.17346e-06
1.14066e-06
1.10301e-06
1.0609e-06
1.01484e-06
9.65467e-07
9.13556e-07
8.59959e-07
8.05813e-07
7.54539e-07
7.07547e-07
6.64671e-07
6.26001e-07
5.915e-07
5.61071e-07
5.34605e-07
5.12034e-07
4.93353e-07
4.78635e-07
4.68007e-07
4.61626e-07
4.59625e-07
4.54826e-07
4.46461e-07
4.42072e-07
4.41895e-07
4.46097e-07
4.54772e-07
4.67939e-07
4.85541e-07
5.07447e-07
5.33453e-07
5.63291e-07
5.96629e-07
6.33086e-07
6.72239e-07
7.1363e-07
7.56784e-07
8.01211e-07
8.4642e-07
8.91924e-07
9.37245e-07
9.81922e-07
1.02551e-06
1.06759e-06
1.10775e-06
1.14561e-06
1.1808e-06
1.21299e-06
1.24183e-06
1.26701e-06
1.28821e-06
1.30516e-06
1.31755e-06
1.32511e-06
1.3276e-06
1.32478e-06
1.31647e-06
1.30253e-06
1.28291e-06
1.25763e-06
1.22683e-06
1.19078e-06
1.14992e-06
1.10479e-06
1.05612e-06
1.00472e-06
9.51491e-07
8.97542e-07
8.46301e-07
7.99189e-07
7.56016e-07
7.1684e-07
6.81618e-07
6.50272e-07
6.2273e-07
5.9897e-07
5.79039e-07
5.63048e-07
5.51153e-07
5.43515e-07
5.4025e-07
5.13045e-07
5.03012e-07
4.97326e-07
4.96193e-07
4.99729e-07
5.07956e-07
5.20809e-07
5.3814e-07
5.59728e-07
5.85289e-07
6.14482e-07
6.46921e-07
6.82186e-07
7.19827e-07
7.59377e-07
8.00361e-07
8.42301e-07
8.84725e-07
9.27172e-07
9.69194e-07
1.01036e-06
1.05026e-06
1.0885e-06
1.1247e-06
1.15851e-06
1.18958e-06
1.21758e-06
1.2422e-06
1.26313e-06
1.28009e-06
1.29277e-06
1.3009e-06
1.30423e-06
1.30248e-06
1.29544e-06
1.2829e-06
1.26471e-06
1.24076e-06
1.21105e-06
1.17569e-06
1.1349e-06
1.08908e-06
1.03879e-06
9.8478e-07
9.2793e-07
8.69246e-07
8.10029e-07
7.54204e-07
7.0337e-07
6.57284e-07
6.15951e-07
5.79231e-07
5.46914e-07
5.18803e-07
4.94764e-07
4.7477e-07
4.58903e-07
4.47335e-07
4.40282e-07
4.37942e-07
4.32552e-07
4.23247e-07
4.18247e-07
4.17817e-07
4.22143e-07
4.31332e-07
4.45408e-07
4.64309e-07
4.87893e-07
5.15938e-07
5.48146e-07
5.84154e-07
6.23538e-07
6.65833e-07
7.10535e-07
7.57122e-07
8.05061e-07
8.53816e-07
9.02864e-07
9.5169e-07
9.99802e-07
1.04673e-06
1.09202e-06
1.13525e-06
1.17602e-06
1.21394e-06
1.24866e-06
1.27983e-06
1.30709e-06
1.33014e-06
1.34864e-06
1.36228e-06
1.37075e-06
1.37376e-06
1.37103e-06
1.36234e-06
1.34749e-06
1.32638e-06
1.299e-06
1.26547e-06
1.22607e-06
1.18125e-06
1.13164e-06
1.07808e-06
1.02151e-06
9.6299e-07
9.03837e-07
8.47988e-07
7.96995e-07
7.50549e-07
7.08614e-07
6.71043e-07
6.37654e-07
6.08297e-07
5.82907e-07
5.61519e-07
5.4427e-07
5.31369e-07
5.23041e-07
5.19465e-07
4.91127e-07
4.80154e-07
4.73915e-07
4.72638e-07
4.76449e-07
4.85369e-07
4.99321e-07
5.18137e-07
5.41566e-07
5.69293e-07
6.00942e-07
6.36087e-07
6.74266e-07
7.14987e-07
7.57741e-07
8.02012e-07
8.47285e-07
8.93051e-07
9.38818e-07
9.84111e-07
1.02847e-06
1.07148e-06
1.1127e-06
1.15175e-06
1.18826e-06
1.22187e-06
1.25224e-06
1.27902e-06
1.30191e-06
1.32058e-06
1.33473e-06
1.34405e-06
1.34824e-06
1.34701e-06
1.34009e-06
1.32722e-06
1.30819e-06
1.28286e-06
1.25117e-06
1.21318e-06
1.16912e-06
1.11939e-06
1.06461e-06
1.00562e-06
9.43454e-07
8.79296e-07
8.14648e-07
7.54011e-07
6.99199e-07
6.49863e-07
6.05895e-07
5.67013e-07
5.32869e-07
5.03145e-07
4.77634e-07
4.56279e-07
4.39181e-07
4.26568e-07
4.18732e-07
4.15955e-07
4.09907e-07
3.99608e-07
3.93962e-07
3.93259e-07
3.97709e-07
4.0743e-07
4.22449e-07
4.42705e-07
4.68041e-07
4.98215e-07
5.32901e-07
5.71697e-07
6.14139e-07
6.59711e-07
7.07862e-07
7.58018e-07
8.096e-07
8.6203e-07
9.1474e-07
9.67182e-07
1.01883e-06
1.06919e-06
1.11779e-06
1.16418e-06
1.20794e-06
1.24868e-06
1.28601e-06
1.31958e-06
1.34903e-06
1.37401e-06
1.39418e-06
1.40918e-06
1.41867e-06
1.42231e-06
1.41978e-06
1.41079e-06
1.39508e-06
1.37251e-06
1.34299e-06
1.30663e-06
1.2637e-06
1.21468e-06
1.16028e-06
1.10144e-06
1.03928e-06
9.75069e-07
9.10353e-07
8.4966e-07
7.94676e-07
7.44933e-07
7.0027e-07
6.60398e-07
6.25006e-07
5.93847e-07
5.66797e-07
5.43883e-07
5.25278e-07
5.11257e-07
5.02131e-07
4.98159e-07
4.68693e-07
4.56732e-07
4.49914e-07
4.48492e-07
4.52601e-07
4.6226e-07
4.77375e-07
4.97753e-07
5.23117e-07
5.53113e-07
5.87329e-07
6.25296e-07
6.66509e-07
7.10431e-07
7.56509e-07
8.04182e-07
8.52896e-07
9.02106e-07
9.51289e-07
9.99941e-07
1.04758e-06
1.09376e-06
1.13805e-06
1.18003e-06
1.21932e-06
1.25554e-06
1.28834e-06
1.31738e-06
1.34231e-06
1.3628e-06
1.37852e-06
1.38913e-06
1.39431e-06
1.39372e-06
1.38704e-06
1.37395e-06
1.35419e-06
1.32754e-06
1.29389e-06
1.25324e-06
1.20578e-06
1.15194e-06
1.09238e-06
1.02806e-06
9.60166e-07
8.90109e-07
8.19632e-07
7.53909e-07
6.94992e-07
6.42392e-07
5.95851e-07
5.54902e-07
5.19019e-07
4.8774e-07
4.60764e-07
4.38003e-07
4.19586e-07
4.05811e-07
3.97071e-07
3.93749e-07
3.86973e-07
3.75633e-07
3.69307e-07
3.68317e-07
3.72891e-07
3.8316e-07
3.99159e-07
4.2082e-07
4.47978e-07
4.80369e-07
5.17636e-07
5.59339e-07
6.04964e-07
6.53944e-07
7.05675e-07
7.5953e-07
8.1488e-07
8.71099e-07
9.27581e-07
9.8374e-07
1.03902e-06
1.0929e-06
1.14488e-06
1.1945e-06
1.24133e-06
1.28495e-06
1.32498e-06
1.36103e-06
1.39275e-06
1.41977e-06
1.4417e-06
1.45818e-06
1.46882e-06
1.47322e-06
1.47101e-06
1.46182e-06
1.44535e-06
1.42135e-06
1.38969e-06
1.35042e-06
1.30379e-06
1.2503e-06
1.19076e-06
1.12623e-06
1.05805e-06
9.8769e-07
9.17026e-07
8.5125e-07
7.92183e-07
7.39151e-07
6.91826e-07
6.49739e-07
6.12416e-07
5.79485e-07
5.50755e-07
5.26247e-07
5.06179e-07
4.90913e-07
4.80865e-07
4.76398e-07
4.45812e-07
4.32818e-07
4.254e-07
4.23835e-07
4.2827e-07
4.38714e-07
4.55056e-07
4.77076e-07
5.04463e-07
5.36829e-07
5.73719e-07
6.14622e-07
6.58984e-07
7.06222e-07
7.55734e-07
8.06915e-07
8.59169e-07
9.11916e-07
9.64599e-07
1.01669e-06
1.06768e-06
1.11711e-06
1.16452e-06
1.20949e-06
1.25162e-06
1.29052e-06
1.32584e-06
1.3572e-06
1.38426e-06
1.40666e-06
1.42406e-06
1.43609e-06
1.44239e-06
1.44258e-06
1.43627e-06
1.4231e-06
1.40273e-06
1.37485e-06
1.33928e-06
1.29595e-06
1.245e-06
1.18686e-06
1.12222e-06
1.05217e-06
9.78106e-07
9.01676e-07
8.24931e-07
7.53829e-07
6.9069e-07
6.34841e-07
5.85826e-07
5.42945e-07
5.05447e-07
4.72692e-07
4.44271e-07
4.20064e-07
4.00234e-07
3.85174e-07
3.75396e-07
3.71409e-07
3.63835e-07
3.51413e-07
3.44382e-07
3.43092e-07
3.47793e-07
3.58628e-07
3.75637e-07
3.98752e-07
4.27797e-07
4.62489e-07
5.02437e-07
5.47158e-07
5.96088e-07
6.48602e-07
7.04038e-07
7.61714e-07
8.20946e-07
8.81061e-07
9.41411e-07
1.00137e-06
1.06037e-06
1.11783e-06
1.17326e-06
1.22618e-06
1.27613e-06
1.32269e-06
1.36548e-06
1.4041e-06
1.43818e-06
1.46732e-06
1.49113e-06
1.50921e-06
1.52113e-06
1.52643e-06
1.52468e-06
1.51544e-06
1.49831e-06
1.47295e-06
1.43917e-06
1.39692e-06
1.34644e-06
1.28823e-06
1.22318e-06
1.15252e-06
1.0778e-06
1.00081e-06
9.23773e-07
8.52671e-07
7.89449e-07
7.33172e-07
6.83295e-07
6.39119e-07
5.99967e-07
5.65317e-07
5.349e-07
5.08729e-07
4.87084e-07
4.70434e-07
4.59328e-07
4.54253e-07
4.22556e-07
4.0849e-07
4.00454e-07
3.98755e-07
4.03544e-07
4.14823e-07
4.32456e-07
4.56194e-07
4.85693e-07
5.20524e-07
5.60191e-07
6.04137e-07
6.51757e-07
7.02417e-07
7.55467e-07
8.10254e-07
8.66138e-07
9.22502e-07
9.78757e-07
1.03435e-06
1.08875e-06
1.14148e-06
1.19207e-06
1.24008e-06
1.28511e-06
1.32675e-06
1.36464e-06
1.3984e-06
1.42767e-06
1.45208e-06
1.47127e-06
1.48484e-06
1.49239e-06
1.4935e-06
1.48773e-06
1.47465e-06
1.45381e-06
1.42483e-06
1.38742e-06
1.34142e-06
1.28691e-06
1.22427e-06
1.15426e-06
1.07807e-06
9.9732e-07
9.13985e-07
8.3048e-07
7.53686e-07
6.86215e-07
6.27164e-07
5.75816e-07
5.31179e-07
4.92225e-07
4.58102e-07
4.28273e-07
4.02581e-07
3.81243e-07
3.64764e-07
3.53805e-07
3.49023e-07
3.40585e-07
3.27048e-07
3.19292e-07
3.17697e-07
3.22529e-07
3.33945e-07
3.51991e-07
3.76603e-07
4.07595e-07
4.44665e-07
4.87389e-07
5.35236e-07
5.87586e-07
6.43754e-07
7.03013e-07
7.64622e-07
8.2784e-07
8.91946e-07
9.56249e-07
1.02009e-06
1.08286e-06
1.14398e-06
1.20291e-06
1.25916e-06
1.31229e-06
1.36185e-06
1.40745e-06
1.4487e-06
1.48521e-06
1.51657e-06
1.54238e-06
1.56219e-06
1.57552e-06
1.58189e-06
1.58077e-06
1.57163e-06
1.55398e-06
1.52738e-06
1.49151e-06
1.44625e-06
1.39177e-06
1.32857e-06
1.25763e-06
1.18034e-06
1.09855e-06
1.01437e-06
9.30498e-07
8.53817e-07
7.86393e-07
7.26955e-07
6.74679e-07
6.28582e-07
5.87738e-07
5.51447e-07
5.19348e-07
4.91449e-07
4.68105e-07
4.49921e-07
4.37605e-07
4.318e-07
3.99004e-07
3.8383e-07
3.75164e-07
3.73342e-07
3.78521e-07
3.90685e-07
4.09673e-07
4.35203e-07
4.66895e-07
5.04283e-07
5.46823e-07
5.93912e-07
6.44892e-07
6.99076e-07
7.55759e-07
8.14239e-07
8.73831e-07
9.33882e-07
9.93771e-07
1.05292e-06
1.11078e-06
1.16685e-06
1.22066e-06
1.27176e-06
1.31972e-06
1.36416e-06
1.40467e-06
1.44089e-06
1.47245e-06
1.49896e-06
1.52004e-06
1.53528e-06
1.54423e-06
1.54643e-06
1.54137e-06
1.52855e-06
1.50743e-06
1.47751e-06
1.43838e-06
1.38976e-06
1.33163e-06
1.26432e-06
1.18862e-06
1.10584e-06
1.01786e-06
9.27025e-07
8.36205e-07
7.53373e-07
6.81472e-07
6.19297e-07
5.65804e-07
5.19632e-07
4.79421e-07
4.44065e-07
4.12879e-07
3.85673e-07
3.62727e-07
3.44688e-07
3.32397e-07
3.26685e-07
3.17317e-07
3.02642e-07
2.94152e-07
2.9225e-07
2.9722e-07
3.0923e-07
3.28336e-07
3.54478e-07
3.8747e-07
4.26989e-07
4.72577e-07
5.23652e-07
5.79533e-07
6.39466e-07
7.02659e-07
7.68302e-07
8.356e-07
9.03781e-07
9.72109e-07
1.03989e-06
1.10649e-06
1.1713e-06
1.23377e-06
1.2934e-06
1.34973e-06
1.40233e-06
1.45079e-06
1.49473e-06
1.53374e-06
1.56742e-06
1.59533e-06
1.617e-06
1.63192e-06
1.63952e-06
1.63921e-06
1.63036e-06
1.61237e-06
1.58466e-06
1.5468e-06
1.49852e-06
1.43991e-06
1.37147e-06
1.29422e-06
1.20978e-06
1.12029e-06
1.0283e-06
9.37084e-07
8.54564e-07
7.82914e-07
7.20439e-07
6.65968e-07
6.18165e-07
5.75804e-07
5.37978e-07
5.04216e-07
4.74527e-07
4.49359e-07
4.29478e-07
4.15789e-07
4.09118e-07
3.7524e-07
3.58926e-07
3.49624e-07
3.47699e-07
3.53305e-07
3.66406e-07
3.8681e-07
4.142e-07
4.48162e-07
4.88189e-07
5.33693e-07
5.84018e-07
6.38454e-07
6.96252e-07
7.56654e-07
8.18905e-07
8.82274e-07
9.46068e-07
1.00964e-06
1.07238e-06
1.13374e-06
1.19319e-06
1.25024e-06
1.30446e-06
1.35539e-06
1.40265e-06
1.44584e-06
1.48458e-06
1.51849e-06
1.54719e-06
1.57027e-06
1.5873e-06
1.5978e-06
1.60126e-06
1.59712e-06
1.58477e-06
1.56358e-06
1.53292e-06
1.49222e-06
1.44108e-06
1.37932e-06
1.30718e-06
1.22547e-06
1.13562e-06
1.03979e-06
9.40781e-07
8.42017e-07
7.52769e-07
6.76347e-07
6.11162e-07
5.55756e-07
5.08319e-07
4.6709e-07
4.30665e-07
3.98193e-07
3.69449e-07
3.44798e-07
3.25055e-07
3.11272e-07
3.04489e-07
2.9413e-07
2.78308e-07
2.69084e-07
2.66882e-07
2.71998e-07
2.84611e-07
3.0479e-07
3.32488e-07
3.67521e-07
4.09552e-07
4.58085e-07
5.12484e-07
5.71999e-07
6.35803e-07
7.03029e-07
7.728e-07
8.4426e-07
9.16585e-07
9.88997e-07
1.06077e-06
1.13123e-06
1.19977e-06
1.2658e-06
1.32884e-06
1.3884e-06
1.44405e-06
1.49541e-06
1.54208e-06
1.58366e-06
1.61974e-06
1.64987e-06
1.67354e-06
1.69021e-06
1.69923e-06
1.69994e-06
1.6916e-06
1.67348e-06
1.64485e-06
1.60511e-06
1.55385e-06
1.49102e-06
1.41707e-06
1.33308e-06
1.2409e-06
1.14303e-06
1.04254e-06
9.43399e-07
8.54767e-07
7.78894e-07
7.13554e-07
6.57141e-07
6.07893e-07
5.64232e-07
5.25004e-07
4.89617e-07
4.58084e-07
4.30963e-07
4.09214e-07
3.93974e-07
3.8629e-07
3.51351e-07
3.33874e-07
3.23937e-07
3.21932e-07
3.28007e-07
3.42096e-07
3.63972e-07
3.93285e-07
4.29585e-07
4.72327e-07
5.20876e-07
5.74524e-07
6.32501e-07
6.93998e-07
7.58196e-07
8.24284e-07
8.91486e-07
9.59069e-07
1.02636e-06
1.09272e-06
1.15759e-06
1.22044e-06
1.28076e-06
1.33811e-06
1.39204e-06
1.44215e-06
1.48805e-06
1.52936e-06
1.56569e-06
1.59666e-06
1.62184e-06
1.64079e-06
1.65299e-06
1.6579e-06
1.65488e-06
1.64324e-06
1.62222e-06
1.59106e-06
1.54901e-06
1.49547e-06
1.43011e-06
1.35303e-06
1.26498e-06
1.16755e-06
1.0632e-06
9.55246e-07
8.47819e-07
7.51733e-07
6.70705e-07
6.02663e-07
5.45628e-07
4.97243e-07
4.55275e-07
4.17978e-07
3.84311e-07
3.54017e-07
3.27562e-07
3.05967e-07
2.90532e-07
2.82531e-07
2.71129e-07
2.54165e-07
2.4422e-07
2.41734e-07
2.47004e-07
2.60221e-07
2.81475e-07
3.10742e-07
3.47848e-07
3.92443e-07
4.43995e-07
5.01806e-07
5.65053e-07
6.32825e-07
7.04175e-07
7.78156e-07
8.53846e-07
9.30372e-07
1.00691e-06
1.08271e-06
1.15707e-06
1.22934e-06
1.29896e-06
1.3654e-06
1.42819e-06
1.48693e-06
1.5412e-06
1.59064e-06
1.63484e-06
1.67341e-06
1.70587e-06
1.73169e-06
1.75027e-06
1.76092e-06
1.76288e-06
1.7553e-06
1.7373e-06
1.70797e-06
1.66652e-06
1.61235e-06
1.54524e-06
1.46553e-06
1.37436e-06
1.27379e-06
1.16679e-06
1.057e-06
9.49294e-07
8.54261e-07
7.74195e-07
7.0621e-07
6.48162e-07
5.97782e-07
5.53077e-07
5.12613e-07
4.75661e-07
4.42238e-07
4.13034e-07
3.89237e-07
3.72259e-07
3.63405e-07
3.27429e-07
3.08773e-07
2.98211e-07
2.96159e-07
3.02747e-07
3.17872e-07
3.4127e-07
3.72559e-07
4.11256e-07
4.56777e-07
5.08445e-07
5.65493e-07
6.2709e-07
6.9236e-07
7.60421e-07
8.30403e-07
9.01482e-07
9.72887e-07
1.04391e-06
1.11392e-06
1.18231e-06
1.24856e-06
1.31216e-06
1.37265e-06
1.42959e-06
1.48258e-06
1.53121e-06
1.57512e-06
1.61393e-06
1.64724e-06
1.67462e-06
1.69561e-06
1.70969e-06
1.71624e-06
1.71457e-06
1.70389e-06
1.68333e-06
1.65194e-06
1.60879e-06
1.55306e-06
1.48417e-06
1.40205e-06
1.30738e-06
1.20181e-06
1.08819e-06
9.70416e-07
8.53504e-07
7.50107e-07
6.64399e-07
5.93689e-07
5.35357e-07
4.86392e-07
4.44007e-07
4.06067e-07
3.7132e-07
3.39474e-07
3.11123e-07
2.87527e-07
2.70276e-07
2.60912e-07
2.48424e-07
2.3034e-07
2.19704e-07
2.16956e-07
2.22389e-07
2.36202e-07
2.58518e-07
2.8935e-07
3.28546e-07
3.75749e-07
4.30385e-07
4.91691e-07
5.58758e-07
6.30586e-07
7.06143e-07
7.84403e-07
8.64381e-07
9.4515e-07
1.02585e-06
1.10569e-06
1.18395e-06
1.25997e-06
1.33316e-06
1.40301e-06
1.46904e-06
1.53084e-06
1.58805e-06
1.64028e-06
1.68717e-06
1.72829e-06
1.76319e-06
1.7913e-06
1.81198e-06
1.82448e-06
1.82795e-06
1.8214e-06
1.80379e-06
1.77404e-06
1.73111e-06
1.67416e-06
1.60274e-06
1.51706e-06
1.41824e-06
1.30858e-06
1.19157e-06
1.0716e-06
9.54602e-07
8.52862e-07
7.68666e-07
6.98305e-07
6.38984e-07
5.87833e-07
5.42384e-07
5.00884e-07
4.62449e-07
4.27104e-07
3.95689e-07
3.69658e-07
3.50743e-07
3.40553e-07
3.03573e-07
2.8373e-07
2.72562e-07
2.70504e-07
2.7765e-07
2.93855e-07
3.18815e-07
3.52121e-07
3.93261e-07
4.41619e-07
4.96468e-07
5.56986e-07
6.22272e-07
6.91382e-07
7.63362e-07
8.37285e-07
9.12273e-07
9.87519e-07
1.06229e-06
1.13594e-06
1.20786e-06
1.27751e-06
1.34438e-06
1.40801e-06
1.46796e-06
1.52382e-06
1.57521e-06
1.62175e-06
1.66308e-06
1.6988e-06
1.72847e-06
1.75164e-06
1.76774e-06
1.77613e-06
1.77606e-06
1.76663e-06
1.74683e-06
1.71555e-06
1.67162e-06
1.61394e-06
1.54167e-06
1.45448e-06
1.35288e-06
1.23861e-06
1.11487e-06
9.86304e-07
8.58962e-07
7.47721e-07
6.57262e-07
5.84116e-07
5.24872e-07
4.7574e-07
4.33302e-07
3.94981e-07
3.59292e-07
3.25911e-07
2.95579e-07
2.69835e-07
2.50605e-07
2.39736e-07
2.26128e-07
2.06967e-07
1.95689e-07
1.92714e-07
1.98314e-07
2.12702e-07
2.36048e-07
2.68423e-07
3.09711e-07
3.59552e-07
4.1733e-07
4.82206e-07
5.53175e-07
6.2914e-07
7.08973e-07
7.91569e-07
8.75877e-07
9.60921e-07
1.0458e-06
1.12969e-06
1.21185e-06
1.29161e-06
1.36836e-06
1.44159e-06
1.51084e-06
1.57571e-06
1.63584e-06
1.69088e-06
1.74049e-06
1.78425e-06
1.82168e-06
1.85223e-06
1.8752e-06
1.88979e-06
1.89502e-06
1.88981e-06
1.87293e-06
1.84308e-06
1.79896e-06
1.73942e-06
1.66372e-06
1.57185e-06
1.46491e-06
1.34541e-06
1.21742e-06
1.08625e-06
9.59145e-07
8.5037e-07
7.62139e-07
6.89724e-07
6.29546e-07
5.78034e-07
5.32182e-07
4.89881e-07
4.50076e-07
4.12794e-07
3.79047e-07
3.50592e-07
3.29532e-07
3.17831e-07
2.79884e-07
2.58857e-07
2.47118e-07
2.45101e-07
2.52852e-07
2.7017e-07
2.96719e-07
3.32069e-07
3.75687e-07
4.26924e-07
4.8501e-07
5.49058e-07
6.18095e-07
6.91101e-07
7.67049e-07
8.44945e-07
9.23863e-07
1.00296e-06
1.08148e-06
1.15875e-06
1.23418e-06
1.30721e-06
1.37734e-06
1.4441e-06
1.50705e-06
1.56579e-06
1.61994e-06
1.66914e-06
1.71302e-06
1.75121e-06
1.78327e-06
1.80873e-06
1.82702e-06
1.83745e-06
1.83922e-06
1.83134e-06
1.81266e-06
1.78186e-06
1.73752e-06
1.67823e-06
1.60279e-06
1.51053e-06
1.40175e-06
1.27819e-06
1.14342e-06
1.00293e-06
8.64075e-07
7.4439e-07
6.49117e-07
5.7381e-07
5.14087e-07
4.65248e-07
4.23157e-07
3.84752e-07
3.4829e-07
3.1341e-07
2.81021e-07
2.52985e-07
2.31618e-07
2.19105e-07
2.0436e-07
1.84192e-07
1.72343e-07
1.69186e-07
1.74952e-07
1.89873e-07
2.14194e-07
2.48067e-07
2.91432e-07
3.43931e-07
4.049e-07
4.73412e-07
5.48358e-07
6.28529e-07
7.12699e-07
7.99676e-07
8.88344e-07
9.77677e-07
1.06674e-06
1.15468e-06
1.24073e-06
1.3242e-06
1.40448e-06
1.48107e-06
1.5535e-06
1.6214e-06
1.68445e-06
1.74231e-06
1.79467e-06
1.84112e-06
1.88121e-06
1.91433e-06
1.93979e-06
1.95669e-06
1.96398e-06
1.96045e-06
1.94467e-06
1.91509e-06
1.87012e-06
1.80825e-06
1.72837e-06
1.63016e-06
1.5146e-06
1.38444e-06
1.2444e-06
1.10086e-06
9.62727e-07
8.4657e-07
7.54433e-07
6.8034e-07
6.19774e-07
5.68358e-07
5.22487e-07
4.79659e-07
4.38626e-07
3.99415e-07
3.63224e-07
3.32152e-07
3.08733e-07
2.95337e-07
2.56468e-07
2.34276e-07
2.22015e-07
2.20096e-07
2.28492e-07
2.46945e-07
2.75095e-07
3.12499e-07
3.58613e-07
4.12763e-07
4.74128e-07
5.41757e-07
6.14599e-07
6.91549e-07
7.71502e-07
8.53396e-07
9.36252e-07
1.01919e-06
1.10144e-06
1.18232e-06
1.26123e-06
1.33762e-06
1.41099e-06
1.48086e-06
1.54679e-06
1.60839e-06
1.6653e-06
1.71716e-06
1.76363e-06
1.80433e-06
1.83886e-06
1.86673e-06
1.88736e-06
1.90005e-06
1.90393e-06
1.89792e-06
1.88073e-06
1.85083e-06
1.80651e-06
1.74601e-06
1.6677e-06
1.57048e-06
1.4543e-06
1.32083e-06
1.17404e-06
1.02035e-06
8.68728e-07
7.39919e-07
6.39778e-07
5.62626e-07
5.02906e-07
4.54861e-07
4.13556e-07
3.75399e-07
3.38364e-07
3.02045e-07
2.67535e-07
2.37069e-07
2.13411e-07
1.99128e-07
1.83244e-07
1.62169e-07
1.49849e-07
1.46564e-07
1.52484e-07
1.67873e-07
1.93082e-07
2.28384e-07
2.73792e-07
3.28956e-07
3.93157e-07
4.65367e-07
5.44356e-07
6.28796e-07
7.17349e-07
8.08739e-07
9.01783e-07
9.95407e-07
1.08864e-06
1.18061e-06
1.27052e-06
1.35767e-06
1.44145e-06
1.52134e-06
1.59692e-06
1.66782e-06
1.73375e-06
1.79443e-06
1.84956e-06
1.89877e-06
1.94159e-06
1.97745e-06
2.00557e-06
2.02504e-06
2.03471e-06
2.0332e-06
2.01892e-06
1.99006e-06
1.94465e-06
1.88078e-06
1.79689e-06
1.69224e-06
1.5676e-06
1.42588e-06
1.27256e-06
1.11535e-06
9.65143e-07
8.41234e-07
7.45363e-07
6.70021e-07
6.09584e-07
5.58765e-07
5.13297e-07
4.70254e-07
4.28173e-07
3.87068e-07
3.48335e-07
3.14455e-07
2.88454e-07
2.73174e-07
2.33436e-07
2.10115e-07
1.974e-07
1.95643e-07
2.04718e-07
2.24311e-07
2.5405e-07
2.93499e-07
3.42114e-07
3.99195e-07
4.63875e-07
5.35129e-07
6.1182e-07
6.92754e-07
7.7674e-07
8.62645e-07
9.49434e-07
1.0362e-06
1.12214e-06
1.2066e-06
1.28896e-06
1.36867e-06
1.44524e-06
1.51819e-06
1.58708e-06
1.65153e-06
1.71118e-06
1.7657e-06
1.81477e-06
1.85803e-06
1.89509e-06
1.92548e-06
1.94861e-06
1.96376e-06
1.97002e-06
1.96623e-06
1.95093e-06
1.92239e-06
1.8786e-06
1.81737e-06
1.73658e-06
1.63458e-06
1.51086e-06
1.36688e-06
1.20696e-06
1.03864e-06
8.72807e-07
7.34108e-07
6.29055e-07
5.5042e-07
4.91227e-07
4.44511e-07
4.04463e-07
3.6692e-07
3.29547e-07
2.91878e-07
2.55202e-07
2.22175e-07
1.96078e-07
1.7991e-07
1.62909e-07
1.41063e-07
1.28406e-07
1.2506e-07
1.31103e-07
1.46859e-07
1.72836e-07
2.09469e-07
2.56868e-07
3.14693e-07
3.82158e-07
4.5812e-07
5.41213e-07
6.29972e-07
7.22946e-07
8.18767e-07
9.16189e-07
1.01409e-06
1.11147e-06
1.20744e-06
1.30117e-06
1.39197e-06
1.47919e-06
1.56234e-06
1.641e-06
1.71485e-06
1.78363e-06
1.84711e-06
1.90502e-06
1.95703e-06
2.00269e-06
2.0414e-06
2.0724e-06
2.09469e-06
2.10704e-06
2.10795e-06
2.09562e-06
2.06794e-06
2.0226e-06
1.95716e-06
1.86952e-06
1.7584e-06
1.6242e-06
1.46997e-06
1.30202e-06
1.12964e-06
9.66176e-07
8.34128e-07
7.34735e-07
6.58627e-07
5.98883e-07
5.49198e-07
5.04593e-07
4.61688e-07
4.18779e-07
3.7585e-07
3.34494e-07
2.97615e-07
2.68805e-07
2.51447e-07
2.10903e-07
1.86514e-07
1.73438e-07
1.71912e-07
1.81684e-07
2.02397e-07
2.33689e-07
2.75153e-07
3.26255e-07
3.86276e-07
4.54296e-07
5.2921e-07
6.09789e-07
6.94738e-07
7.82775e-07
8.72692e-07
9.63399e-07
1.05395e-06
1.14356e-06
1.23154e-06
1.3173e-06
1.4003e-06
1.48003e-06
1.55602e-06
1.62784e-06
1.6951e-06
1.75747e-06
1.81464e-06
1.86632e-06
1.91218e-06
1.95183e-06
1.98483e-06
2.01061e-06
2.02843e-06
2.03734e-06
2.0361e-06
2.02313e-06
1.99647e-06
1.95377e-06
1.89238e-06
1.8096e-06
1.70312e-06
1.57179e-06
1.41671e-06
1.24248e-06
1.0579e-06
8.76204e-07
7.26751e-07
6.16757e-07
5.37047e-07
4.78944e-07
4.3412e-07
3.95824e-07
3.59295e-07
3.21861e-07
2.82967e-07
2.44098e-07
2.08383e-07
1.79709e-07
1.61556e-07
1.43486e-07
1.21057e-07
1.08235e-07
1.049e-07
1.11011e-07
1.26991e-07
1.53573e-07
1.91407e-07
2.40725e-07
3.01197e-07
3.71954e-07
4.51717e-07
5.38964e-07
6.32085e-07
7.29504e-07
8.29762e-07
9.31548e-07
1.0337e-06
1.1352e-06
1.23512e-06
1.33264e-06
1.42701e-06
1.51762e-06
1.60396e-06
1.68564e-06
1.76237e-06
1.83396e-06
1.9002e-06
1.96089e-06
2.01574e-06
2.06432e-06
2.10604e-06
2.14009e-06
2.16546e-06
2.18082e-06
2.18455e-06
2.17465e-06
2.14871e-06
2.10398e-06
2.03751e-06
1.94649e-06
1.82895e-06
1.68477e-06
1.51701e-06
1.3329e-06
1.14364e-06
9.65603e-07
8.2501e-07
7.2236e-07
6.46022e-07
5.87573e-07
5.39588e-07
4.96338e-07
4.53964e-07
4.10493e-07
3.65848e-07
3.21811e-07
2.81749e-07
2.49896e-07
2.30262e-07
1.88987e-07
1.63625e-07
1.50308e-07
1.49082e-07
1.59548e-07
1.81327e-07
2.14109e-07
2.57536e-07
3.11096e-07
3.74053e-07
4.45428e-07
5.24032e-07
6.08528e-07
6.97516e-07
7.89614e-07
8.83534e-07
9.78132e-07
1.07244e-06
1.16565e-06
1.2571e-06
1.34621e-06
1.43244e-06
1.51529e-06
1.59428e-06
1.66897e-06
1.739e-06
1.80406e-06
1.86387e-06
1.91816e-06
1.96662e-06
2.00892e-06
2.04463e-06
2.07318e-06
2.09386e-06
2.1057e-06
2.10738e-06
2.0972e-06
2.07296e-06
2.03197e-06
1.97109e-06
1.88695e-06
1.77641e-06
1.63751e-06
1.47078e-06
1.28098e-06
1.07829e-06
8.78819e-07
7.17643e-07
6.02699e-07
5.2237e-07
4.65951e-07
4.23596e-07
3.87568e-07
3.52488e-07
3.15312e-07
2.75357e-07
2.34293e-07
1.95771e-07
1.64385e-07
1.44172e-07
1.25111e-07
1.02345e-07
8.95795e-08
8.63312e-08
9.24177e-08
1.08426e-07
1.35403e-07
1.74276e-07
2.25424e-07
2.88517e-07
3.62587e-07
4.46195e-07
5.37642e-07
6.35156e-07
7.37032e-07
8.41717e-07
9.47841e-07
1.05421e-06
1.15978e-06
1.26361e-06
1.36484e-06
1.46274e-06
1.55667e-06
1.64612e-06
1.73073e-06
1.81028e-06
1.8846e-06
1.95358e-06
2.01704e-06
2.07476e-06
2.12633e-06
2.17118e-06
2.20848e-06
2.23718e-06
2.25589e-06
2.26286e-06
2.25589e-06
2.23228e-06
2.18883e-06
2.12195e-06
2.02804e-06
1.90424e-06
1.74971e-06
1.56736e-06
1.36538e-06
1.15728e-06
9.63193e-07
8.13644e-07
7.08053e-07
6.32072e-07
5.7555e-07
5.29855e-07
4.88478e-07
4.47068e-07
4.03352e-07
3.57145e-07
3.10397e-07
2.66969e-07
2.31837e-07
2.09727e-07
1.67814e-07
1.41615e-07
1.28209e-07
1.27347e-07
1.38468e-07
1.61224e-07
1.95399e-07
2.40713e-07
2.96687e-07
3.62564e-07
4.37305e-07
5.1962e-07
6.08057e-07
7.01099e-07
7.97259e-07
8.95163e-07
9.93611e-07
1.09161e-06
1.18836e-06
1.28322e-06
1.37561e-06
1.46502e-06
1.55094e-06
1.63287e-06
1.71039e-06
1.78315e-06
1.85086e-06
1.91327e-06
1.97015e-06
2.02124e-06
2.06623e-06
2.10471e-06
2.13617e-06
2.1599e-06
2.17492e-06
2.17989e-06
2.17296e-06
2.15173e-06
2.11315e-06
2.05354e-06
1.96877e-06
1.85476e-06
1.70846e-06
1.52959e-06
1.32288e-06
1.10002e-06
8.80566e-07
7.06582e-07
5.86709e-07
5.06265e-07
4.52146e-07
4.12843e-07
3.79611e-07
3.46443e-07
3.09891e-07
2.69088e-07
2.25854e-07
1.84411e-07
1.50183e-07
1.27857e-07
1.07927e-07
8.51432e-08
7.27089e-08
6.96195e-08
7.55368e-08
9.13126e-08
1.18422e-07
1.5814e-07
2.11009e-07
2.76693e-07
3.54094e-07
4.41585e-07
5.37269e-07
6.39199e-07
7.45532e-07
8.54622e-07
9.65044e-07
1.07558e-06
1.18516e-06
1.29283e-06
1.39773e-06
1.49908e-06
1.59624e-06
1.68872e-06
1.77619e-06
1.85846e-06
1.93545e-06
2.0071e-06
2.07332e-06
2.13393e-06
2.18856e-06
2.23665e-06
2.27739e-06
2.30967e-06
2.33206e-06
2.3427e-06
2.33921e-06
2.31858e-06
2.27712e-06
2.21057e-06
2.1144e-06
1.98465e-06
1.81949e-06
1.62142e-06
1.39965e-06
1.1705e-06
9.5871e-07
7.99797e-07
6.91647e-07
6.16654e-07
5.62715e-07
5.19908e-07
4.80943e-07
4.4097e-07
3.97376e-07
3.49813e-07
3.00357e-07
2.5339e-07
2.14733e-07
1.89949e-07
1.47512e-07
1.20672e-07
1.07366e-07
1.06915e-07
1.18605e-07
1.42199e-07
1.77635e-07
2.24739e-07
2.83066e-07
3.51841e-07
4.29949e-07
5.15992e-07
6.08389e-07
7.05493e-07
8.05706e-07
9.07565e-07
1.00981e-06
1.11144e-06
1.21165e-06
1.30984e-06
1.40545e-06
1.49798e-06
1.5869e-06
1.67173e-06
1.75202e-06
1.82745e-06
1.89775e-06
1.96273e-06
2.02218e-06
2.0759e-06
2.1236e-06
2.16492e-06
2.1994e-06
2.22635e-06
2.24483e-06
2.25344e-06
2.25025e-06
2.23264e-06
2.19722e-06
2.13973e-06
2.05521e-06
1.93847e-06
1.78512e-06
1.59372e-06
1.36871e-06
1.12335e-06
8.81369e-07
6.93373e-07
5.68633e-07
4.88628e-07
4.37435e-07
4.0176e-07
3.7185e-07
3.41085e-07
3.05576e-07
2.64193e-07
2.18847e-07
1.74368e-07
1.37168e-07
1.12705e-07
9.20791e-08
6.96929e-08
5.79257e-08
5.50515e-08
6.05863e-08
7.57924e-08
1.02714e-07
1.4305e-07
1.97519e-07
2.65757e-07
3.46503e-07
4.37912e-07
5.37865e-07
6.44222e-07
7.54999e-07
8.68457e-07
9.83125e-07
1.09776e-06
1.21129e-06
1.32274e-06
1.43123e-06
1.53596e-06
1.63627e-06
1.73168e-06
1.8219e-06
1.9068e-06
1.98637e-06
2.06064e-06
2.12959e-06
2.1931e-06
2.25085e-06
2.3023e-06
2.34663e-06
2.38274e-06
2.40915e-06
2.4239e-06
2.42445e-06
2.40748e-06
2.36883e-06
2.30347e-06
2.20581e-06
2.07059e-06
1.89461e-06
1.67968e-06
1.43598e-06
1.18323e-06
9.51919e-07
7.8325e-07
6.7299e-07
5.99662e-07
5.4897e-07
5.09652e-07
4.73649e-07
4.35618e-07
3.92571e-07
3.4392e-07
2.91797e-07
2.41123e-07
1.98688e-07
1.71035e-07
1.28219e-07
1.01009e-07
8.80289e-08
8.80029e-08
1.00114e-07
1.24353e-07
1.60885e-07
2.09656e-07
2.70264e-07
3.41906e-07
4.2338e-07
5.13162e-07
6.09531e-07
7.107e-07
8.14949e-07
9.20723e-07
1.02671e-06
1.13188e-06
1.23548e-06
1.33691e-06
1.43566e-06
1.53124e-06
1.62311e-06
1.71077e-06
1.79378e-06
1.87181e-06
1.94465e-06
2.01214e-06
2.07414e-06
2.13047e-06
2.1809e-06
2.22512e-06
2.2627e-06
2.29304e-06
2.31521e-06
2.32782e-06
2.32886e-06
2.31552e-06
2.28406e-06
2.22963e-06
2.14639e-06
2.02785e-06
1.86802e-06
1.66384e-06
1.41909e-06
1.14861e-06
8.81172e-07
6.77834e-07
5.48346e-07
4.69382e-07
4.21742e-07
3.90244e-07
3.64174e-07
3.36325e-07
3.02329e-07
2.60697e-07
2.13337e-07
1.65708e-07
1.25394e-07
9.88061e-08
7.77194e-08
5.62644e-08
4.55683e-08
4.29331e-08
4.77822e-08
6.19921e-08
8.83469e-08
1.29042e-07
1.84979e-07
2.55731e-07
3.39837e-07
4.35196e-07
5.39441e-07
6.50227e-07
7.65422e-07
8.83199e-07
1.00205e-06
1.12071e-06
1.23811e-06
1.35327e-06
1.46528e-06
1.57331e-06
1.67668e-06
1.77492e-06
1.86778e-06
1.9552e-06
2.03726e-06
2.11407e-06
2.18571e-06
2.25212e-06
2.31303e-06
2.36794e-06
2.41604e-06
2.45621e-06
2.48695e-06
2.50625e-06
2.51142e-06
2.49885e-06
2.46389e-06
2.4007e-06
2.30252e-06
2.16249e-06
1.97565e-06
1.7427e-06
1.47469e-06
1.19541e-06
9.42583e-07
7.63807e-07
6.51963e-07
5.81011e-07
5.34228e-07
4.98986e-07
4.665e-07
4.30949e-07
3.88929e-07
3.39521e-07
2.84819e-07
2.30278e-07
1.838e-07
1.5309e-07
1.1008e-07
8.28724e-08
7.0483e-08
7.0842e-08
8.31428e-08
1.07773e-07
1.45197e-07
1.95496e-07
2.58302e-07
3.32774e-07
4.17607e-07
5.11138e-07
6.11485e-07
7.16714e-07
8.24975e-07
9.34617e-07
1.04427e-06
1.1529e-06
1.25978e-06
1.36436e-06
1.46618e-06
1.56475e-06
1.65951e-06
1.74993e-06
1.83558e-06
1.91615e-06
1.99146e-06
2.06142e-06
2.12592e-06
2.18484e-06
2.238e-06
2.28514e-06
2.32592e-06
2.35979e-06
2.38588e-06
2.40284e-06
2.40859e-06
2.40018e-06
2.37352e-06
2.3232e-06
2.2424e-06
2.1232e-06
1.95768e-06
1.74068e-06
1.47474e-06
1.17624e-06
8.79937e-07
6.59798e-07
5.25753e-07
4.48483e-07
4.05005e-07
3.78199e-07
3.56464e-07
3.32059e-07
3.00099e-07
2.58619e-07
2.09388e-07
1.58492e-07
1.14904e-07
8.62367e-08
6.5008e-08
4.5167e-08
3.60164e-08
3.35883e-08
3.73342e-08
5.00212e-08
7.53682e-08
1.16138e-07
1.73404e-07
2.46632e-07
3.34112e-07
4.3345e-07
5.42005e-07
6.5721e-07
7.76785e-07
8.98818e-07
1.02176e-06
1.14437e-06
1.26556e-06
1.38436e-06
1.49981e-06
1.61105e-06
1.71738e-06
1.81834e-06
1.91372e-06
2.00355e-06
2.088e-06
2.16727e-06
2.24155e-06
2.31085e-06
2.37497e-06
2.43343e-06
2.48544e-06
2.52989e-06
2.56527e-06
2.58956e-06
2.59993e-06
2.59253e-06
2.56221e-06
2.50231e-06
2.40475e-06
2.26079e-06
2.06328e-06
1.81117e-06
1.51616e-06
1.20699e-06
9.30471e-07
7.41297e-07
6.28479e-07
5.60644e-07
5.18415e-07
4.87813e-07
4.5939e-07
4.26882e-07
3.86426e-07
3.36664e-07
2.79526e-07
2.20967e-07
1.70162e-07
1.36213e-07
9.32528e-08
6.65491e-08
5.50501e-08
5.5669e-08
6.78241e-08
9.25261e-08
1.30607e-07
1.82278e-07
2.47193e-07
3.24452e-07
4.12637e-07
5.09921e-07
6.14251e-07
7.23529e-07
8.3577e-07
9.49222e-07
1.06246e-06
1.17445e-06
1.2845e-06
1.39214e-06
1.49694e-06
1.59842e-06
1.69601e-06
1.78914e-06
1.87736e-06
1.96039e-06
2.0381e-06
2.11045e-06
2.17741e-06
2.23889e-06
2.29477e-06
2.34487e-06
2.3889e-06
2.42641e-06
2.45664e-06
2.47828e-06
2.48923e-06
2.4864e-06
2.46543e-06
2.42033e-06
2.3433e-06
2.22481e-06
2.05468e-06
1.82506e-06
1.53654e-06
1.20676e-06
8.77646e-07
6.39119e-07
5.00805e-07
4.25928e-07
3.87192e-07
3.65533e-07
3.48597e-07
3.28172e-07
2.98822e-07
2.57969e-07
2.07072e-07
1.52786e-07
1.05728e-07
7.50637e-08
5.41156e-08
3.67577e-08
2.96966e-08
2.73558e-08
2.94402e-08
3.99669e-08
6.38068e-08
1.04347e-07
1.62799e-07
2.38466e-07
3.29337e-07
4.32682e-07
5.45556e-07
6.65161e-07
7.89065e-07
9.15279e-07
1.04223e-06
1.16869e-06
1.29359e-06
1.41594e-06
1.53475e-06
1.64912e-06
1.7583e-06
1.86187e-06
1.95965e-06
2.05176e-06
2.13848e-06
2.22013e-06
2.29699e-06
2.36917e-06
2.43653e-06
2.49861e-06
2.55466e-06
2.60358e-06
2.64391e-06
2.6736e-06
2.68976e-06
2.68833e-06
2.66367e-06
2.60829e-06
2.51268e-06
2.36596e-06
2.15819e-06
1.88584e-06
1.56086e-06
1.21788e-06
9.15361e-07
7.15591e-07
6.02496e-07
5.38536e-07
5.01478e-07
4.76039e-07
4.52211e-07
4.23323e-07
3.85022e-07
3.35386e-07
2.76019e-07
2.13301e-07
1.5786e-07
1.20502e-07
7.79112e-08
5.23821e-08
4.20942e-08
4.27244e-08
5.42729e-08
7.86601e-08
1.17135e-07
1.7001e-07
2.36937e-07
3.16944e-07
4.0847e-07
5.0951e-07
6.17822e-07
7.31132e-07
8.47314e-07
9.6451e-07
1.08124e-06
1.19647e-06
1.30958e-06
1.42018e-06
1.52789e-06
1.63222e-06
1.73257e-06
1.82833e-06
1.91904e-06
2.00444e-06
2.08447e-06
2.15915e-06
2.22851e-06
2.29252e-06
2.3511e-06
2.40415e-06
2.45147e-06
2.49274e-06
2.5273e-06
2.55392e-06
2.57053e-06
2.57396e-06
2.55959e-06
2.5209e-06
2.44909e-06
2.33293e-06
2.1596e-06
1.91787e-06
1.60548e-06
1.24083e-06
8.74299e-07
6.1568e-07
4.73503e-07
4.01763e-07
3.68296e-07
3.52174e-07
3.40453e-07
3.2454e-07
2.9842e-07
2.58752e-07
2.06461e-07
1.48663e-07
9.78835e-08
6.53385e-08
4.52278e-08
3.14545e-08
2.70866e-08
2.45841e-08
2.42789e-08
3.1891e-08
5.36704e-08
9.36609e-08
1.5316e-07
2.31238e-07
3.25518e-07
4.32894e-07
5.5009e-07
6.74065e-07
8.02236e-07
9.3254e-07
1.0634e-06
1.19361e-06
1.32212e-06
1.44794e-06
1.57004e-06
1.68744e-06
1.79938e-06
1.90542e-06
2.00547e-06
2.09973e-06
2.1886e-06
2.27253e-06
2.35191e-06
2.42694e-06
2.49755e-06
2.56333e-06
2.62354e-06
2.67712e-06
2.72267e-06
2.75816e-06
2.7807e-06
2.78603e-06
2.76812e-06
2.71862e-06
2.62651e-06
2.47847e-06
2.26117e-06
1.96764e-06
1.60933e-06
1.22797e-06
8.97049e-07
6.86607e-07
5.74024e-07
5.14702e-07
4.83382e-07
4.63583e-07
4.44852e-07
4.20171e-07
3.84662e-07
3.35713e-07
2.74398e-07
2.07398e-07
1.46973e-07
1.06046e-07
6.42511e-08
4.07837e-08
3.2026e-08
3.22449e-08
4.25785e-08
6.61988e-08
1.04784e-07
1.58689e-07
2.27531e-07
3.10243e-07
4.05101e-07
5.09899e-07
6.22188e-07
7.39509e-07
8.59585e-07
9.80452e-07
1.10057e-06
1.21892e-06
1.33497e-06
1.44842e-06
1.55894e-06
1.66606e-06
1.76911e-06
1.86745e-06
1.96056e-06
2.04824e-06
2.13051e-06
2.20744e-06
2.27914e-06
2.34563e-06
2.40689e-06
2.46287e-06
2.51351e-06
2.5586e-06
2.59766e-06
2.62955e-06
2.65227e-06
2.66261e-06
2.65576e-06
2.62473e-06
2.55975e-06
2.44778e-06
2.27302e-06
2.02012e-06
1.68274e-06
1.27926e-06
8.6992e-07
5.89394e-07
4.4391e-07
3.76086e-07
3.48351e-07
3.38067e-07
3.31921e-07
3.21036e-07
2.98801e-07
2.60961e-07
2.07636e-07
1.46208e-07
9.13792e-08
5.70945e-08
3.85519e-08
2.97511e-08
2.8719e-08
2.56248e-08
2.20029e-08
2.58259e-08
4.49451e-08
8.40607e-08
1.44476e-07
2.24942e-07
3.22655e-07
4.34084e-07
5.55599e-07
6.83903e-07
8.16264e-07
9.50558e-07
1.08521e-06
1.21906e-06
1.3511e-06
1.48031e-06
1.60561e-06
1.72596e-06
1.84054e-06
1.94893e-06
2.0511e-06
2.14737e-06
2.23827e-06
2.32437e-06
2.4062e-06
2.48406e-06
2.55794e-06
2.62746e-06
2.69193e-06
2.75033e-06
2.80133e-06
2.84302e-06
2.87249e-06
2.88541e-06
2.87537e-06
2.83321e-06
2.74636e-06
2.59879e-06
2.3731e-06
2.05763e-06
1.66226e-06
1.2371e-06
8.75362e-07
6.54326e-07
5.43133e-07
4.89199e-07
4.64124e-07
4.50377e-07
4.3721e-07
4.17317e-07
3.85275e-07
3.37654e-07
2.74764e-07
2.03386e-07
1.37576e-07
9.29277e-08
5.24996e-08
3.22547e-08
2.53055e-08
2.44554e-08
3.2798e-08
5.51421e-08
9.35409e-08
1.48299e-07
2.18962e-07
3.0434e-07
4.02522e-07
5.11077e-07
6.27335e-07
7.48639e-07
8.72558e-07
9.97016e-07
1.12041e-06
1.24175e-06
1.36061e-06
1.4768e-06
1.59005e-06
1.69989e-06
1.80559e-06
1.90642e-06
2.00186e-06
2.09173e-06
2.17613e-06
2.25524e-06
2.32921e-06
2.39812e-06
2.46202e-06
2.52092e-06
2.57487e-06
2.62385e-06
2.66753e-06
2.70496e-06
2.73421e-06
2.75209e-06
2.75368e-06
2.73161e-06
2.67518e-06
2.56951e-06
2.39553e-06
2.13286e-06
1.7697e-06
1.32306e-06
8.64547e-07
5.60219e-07
4.12159e-07
3.49059e-07
3.27427e-07
3.23187e-07
3.22903e-07
3.17536e-07
2.99866e-07
2.64581e-07
2.10684e-07
1.45529e-07
8.6219e-08
5.03429e-08
3.43259e-08
3.22365e-08
3.51831e-08
3.08228e-08
2.27312e-08
2.17722e-08
3.75961e-08
7.55145e-08
1.36727e-07
2.1957e-07
3.20742e-07
4.36245e-07
5.62067e-07
6.94649e-07
8.31113e-07
9.69285e-07
1.10761e-06
1.24498e-06
1.38045e-06
1.51297e-06
1.6414e-06
1.76461e-06
1.88172e-06
1.99232e-06
2.09647e-06
2.19461e-06
2.28739e-06
2.37556e-06
2.45976e-06
2.5404e-06
2.61756e-06
2.69088e-06
2.75968e-06
2.82303e-06
2.8797e-06
2.92793e-06
2.96489e-06
2.9862e-06
2.98518e-06
2.95194e-06
2.87232e-06
2.72739e-06
2.49489e-06
2.15703e-06
1.72046e-06
1.245e-06
8.50172e-07
6.18801e-07
5.09957e-07
4.62131e-07
4.43729e-07
4.36377e-07
4.29191e-07
4.1465e-07
3.86776e-07
3.41205e-07
2.77216e-07
2.01405e-07
1.29743e-07
8.12164e-08
4.2928e-08
2.74073e-08
2.24433e-08
1.95584e-08
2.4951e-08
4.54643e-08
8.33803e-08
1.3882e-07
2.11213e-07
2.99222e-07
4.00722e-07
5.13034e-07
6.33249e-07
7.58503e-07
8.86206e-07
1.01417e-06
1.14072e-06
1.26491e-06
1.38644e-06
1.50525e-06
1.62116e-06
1.73366e-06
1.84196e-06
1.94521e-06
2.04288e-06
2.13483e-06
2.22127e-06
2.30247e-06
2.37865e-06
2.44993e-06
2.5164e-06
2.57818e-06
2.63543e-06
2.68832e-06
2.73675e-06
2.77994e-06
2.8161e-06
2.84212e-06
2.85307e-06
2.84128e-06
2.79524e-06
2.69825e-06
2.52767e-06
2.25726e-06
1.86792e-06
1.37344e-06
8.58233e-07
5.28164e-07
3.78468e-07
3.20912e-07
3.05645e-07
3.07538e-07
3.13325e-07
3.13917e-07
3.01502e-07
2.6958e-07
2.15696e-07
1.46763e-07
8.24106e-08
4.50669e-08
3.28329e-08
3.96168e-08
4.7124e-08
4.05045e-08
2.65411e-08
1.96971e-08
3.15694e-08
6.79809e-08
1.29891e-07
2.15109e-07
3.19773e-07
4.39367e-07
5.69477e-07
7.06274e-07
8.46742e-07
9.8867e-07
1.13053e-06
1.27131e-06
1.4101e-06
1.54587e-06
1.67735e-06
1.80333e-06
1.92285e-06
2.03553e-06
2.14151e-06
2.24135e-06
2.3359e-06
2.42601e-06
2.5125e-06
2.59589e-06
2.67631e-06
2.75345e-06
2.82666e-06
2.89506e-06
2.95759e-06
3.01267e-06
3.05763e-06
3.08812e-06
3.0973e-06
3.07463e-06
3.00445e-06
2.86469e-06
2.62756e-06
2.2673e-06
1.78495e-06
1.25129e-06
8.21422e-07
5.80175e-07
4.74711e-07
4.33655e-07
4.22257e-07
4.21561e-07
4.20716e-07
4.12059e-07
3.89067e-07
3.46343e-07
2.81849e-07
2.01616e-07
1.23552e-07
7.09674e-08
3.58706e-08
2.69927e-08
2.39978e-08
1.77215e-08
1.90132e-08
3.71155e-08
7.42631e-08
1.3022e-07
2.04261e-07
2.94872e-07
3.99685e-07
5.15752e-07
6.3991e-07
7.69075e-07
9.00499e-07
1.03187e-06
1.16144e-06
1.28834e-06
1.41239e-06
1.53371e-06
1.6522e-06
1.76732e-06
1.87815e-06
1.98376e-06
2.08356e-06
2.17748e-06
2.26586e-06
2.34908e-06
2.42739e-06
2.50097e-06
2.56997e-06
2.63456e-06
2.69508e-06
2.75187e-06
2.80513e-06
2.85429e-06
2.8977e-06
2.93244e-06
2.95362e-06
2.95344e-06
2.91972e-06
2.83403e-06
2.66997e-06
2.39453e-06
1.97924e-06
1.43195e-06
8.51038e-07
4.933e-07
3.43156e-07
2.91955e-07
2.83177e-07
2.91168e-07
3.03138e-07
3.10074e-07
3.03591e-07
2.7591e-07
2.22766e-07
1.50084e-07
7.99787e-08
4.12153e-08
3.44213e-08
5.27418e-08
6.52369e-08
5.49639e-08
3.34618e-08
1.95343e-08
2.67932e-08
6.14102e-08
1.23937e-07
2.11546e-07
3.19735e-07
4.43435e-07
5.77807e-07
7.18745e-07
8.63109e-07
1.00866e-06
1.15392e-06
1.29798e-06
1.44001e-06
1.57894e-06
1.71341e-06
1.84206e-06
1.96389e-06
2.07849e-06
2.18614e-06
2.28754e-06
2.3837e-06
2.47564e-06
2.56433e-06
2.65041e-06
2.7341e-06
2.81509e-06
2.89274e-06
2.96627e-06
3.03481e-06
3.09702e-06
3.15044e-06
3.19088e-06
3.21143e-06
3.20106e-06
3.14271e-06
3.0111e-06
2.77218e-06
2.39014e-06
1.85701e-06
1.25534e-06
7.89159e-07
5.38694e-07
4.3769e-07
4.03979e-07
3.99803e-07
4.05935e-07
4.11728e-07
4.09443e-07
3.92037e-07
3.53022e-07
2.88754e-07
2.04206e-07
1.19096e-07
6.22151e-08
3.17523e-08
3.19326e-08
3.05699e-08
1.90633e-08
1.49132e-08
3.00231e-08
6.61402e-08
1.22465e-07
1.98079e-07
2.91269e-07
3.99396e-07
5.19214e-07
6.47296e-07
7.80329e-07
9.15405e-07
1.05009e-06
1.18255e-06
1.31198e-06
1.43841e-06
1.56213e-06
1.68312e-06
1.80081e-06
1.91414e-06
2.02204e-06
2.12386e-06
2.21964e-06
2.30986e-06
2.39499e-06
2.47536e-06
2.55119e-06
2.62264e-06
2.68999e-06
2.7537e-06
2.81438e-06
2.87253e-06
2.92781e-06
2.97878e-06
3.02275e-06
3.05502e-06
3.06776e-06
3.04835e-06
2.9768e-06
2.82288e-06
2.54595e-06
2.10574e-06
1.50047e-06
8.4302e-07
4.55774e-07
3.06658e-07
2.62589e-07
2.60254e-07
2.74168e-07
2.92329e-07
3.05913e-07
3.06009e-07
2.83507e-07
2.31983e-07
1.55709e-07
7.89836e-08
3.8694e-08
3.95342e-08
7.26344e-08
9.02575e-08
7.44466e-08
4.34682e-08
2.11846e-08
2.31811e-08
5.57471e-08
1.18837e-07
2.0886e-07
3.20615e-07
4.48433e-07
5.8703e-07
7.32027e-07
8.80167e-07
1.0292e-06
1.17771e-06
1.32492e-06
1.47009e-06
1.61212e-06
1.74951e-06
1.88077e-06
2.00476e-06
2.12114e-06
2.2303e-06
2.3331e-06
2.43073e-06
2.52438e-06
2.61519e-06
2.70391e-06
2.79085e-06
2.8757e-06
2.95782e-06
3.03651e-06
3.11118e-06
3.18076e-06
3.24307e-06
3.29417e-06
3.32723e-06
3.33094e-06
3.28699e-06
3.16696e-06
2.92986e-06
2.52751e-06
1.93824e-06
1.25621e-06
7.53573e-07
4.94722e-07
3.99285e-07
3.73371e-07
3.76505e-07
3.8954e-07
4.02191e-07
4.06706e-07
3.95567e-07
3.61174e-07
2.98005e-07
2.09393e-07
1.16497e-07
5.49666e-08
3.11291e-08
4.33544e-08
4.27909e-08
2.3638e-08
1.25297e-08
2.40953e-08
5.89546e-08
1.15513e-07
1.92641e-07
2.88394e-07
3.99835e-07
5.23401e-07
6.55385e-07
7.92237e-07
9.30892e-07
1.06879e-06
1.20399e-06
1.33579e-06
1.46444e-06
1.59045e-06
1.71387e-06
1.83409e-06
1.94987e-06
2.05999e-06
2.16373e-06
2.26125e-06
2.3532e-06
2.44016e-06
2.52253e-06
2.60051e-06
2.67436e-06
2.74437e-06
2.81122e-06
2.87572e-06
2.93878e-06
3.00033e-06
3.05912e-06
3.11278e-06
3.15692e-06
3.18387e-06
3.1808e-06
3.12644e-06
2.98679e-06
2.71281e-06
2.24982e-06
1.58136e-06
8.34216e-07
4.15824e-07
2.69556e-07
2.33314e-07
2.37174e-07
2.56675e-07
2.80919e-07
3.01364e-07
3.08629e-07
2.9228e-07
2.43425e-07
1.63906e-07
7.95461e-08
3.73563e-08
4.87527e-08
1.00523e-07
1.22944e-07
9.91324e-08
5.64774e-08
2.45185e-08
2.06353e-08
5.0933e-08
1.14557e-07
2.07033e-07
3.22395e-07
4.54339e-07
5.97119e-07
7.4608e-07
8.97867e-07
1.05023e-06
1.20183e-06
1.35207e-06
1.50028e-06
1.64535e-06
1.78561e-06
1.91938e-06
2.04543e-06
2.16343e-06
2.27394e-06
2.37798e-06
2.47692e-06
2.57216e-06
2.66499e-06
2.7563e-06
2.84648e-06
2.93519e-06
3.0218e-06
3.10567e-06
3.18653e-06
3.26366e-06
3.33525e-06
3.39767e-06
3.44436e-06
3.46393e-06
3.43713e-06
3.33252e-06
3.10177e-06
2.68174e-06
2.03076e-06
1.25252e-06
7.15054e-07
4.48763e-07
3.59989e-07
3.42156e-07
3.52538e-07
3.72448e-07
3.92097e-07
4.03769e-07
3.99529e-07
3.70703e-07
3.09659e-07
2.17425e-07
1.15927e-07
4.91931e-08
3.4747e-08
6.26288e-08
6.13051e-08
3.1421e-08
1.16916e-08
1.92245e-08
5.26443e-08
1.09321e-07
1.87914e-07
2.86224e-07
4.00984e-07
5.2829e-07
6.64151e-07
8.04767e-07
9.46925e-07
1.08794e-06
1.22572e-06
1.35971e-06
1.49041e-06
1.6186e-06
1.7444e-06
1.86713e-06
1.98532e-06
2.09758e-06
2.20314e-06
2.30226e-06
2.39584e-06
2.48455e-06
2.56882e-06
2.64891e-06
2.72507e-06
2.79765e-06
2.86754e-06
2.93578e-06
3.00377e-06
3.07168e-06
3.13851e-06
3.20226e-06
3.25898e-06
3.30136e-06
3.31666e-06
3.28272e-06
3.16197e-06
2.89644e-06
2.41419e-06
1.67761e-06
8.24625e-07
3.73792e-07
2.3261e-07
2.04751e-07
2.14305e-07
2.38883e-07
2.68968e-07
2.96379e-07
3.11325e-07
3.02119e-07
2.57147e-07
1.74987e-07
8.188e-08
3.6993e-08
6.2858e-08
1.37873e-07
1.64052e-07
1.29118e-07
7.23465e-08
2.93801e-08
1.90499e-08
4.69075e-08
1.11064e-07
2.06043e-07
3.25058e-07
4.61131e-07
6.08042e-07
7.60861e-07
9.16159e-07
1.07169e-06
1.22621e-06
1.37935e-06
1.53052e-06
1.67859e-06
1.82166e-06
1.95787e-06
2.08585e-06
2.20531e-06
2.31701e-06
2.42211e-06
2.52224e-06
2.61893e-06
2.71369e-06
2.80753e-06
2.90094e-06
2.9935e-06
3.08459e-06
3.17362e-06
3.2607e-06
3.34554e-06
3.42671e-06
3.50106e-06
3.56243e-06
3.59964e-06
3.59285e-06
3.50797e-06
3.28906e-06
2.85549e-06
2.13734e-06
1.24227e-06
6.74247e-07
4.01472e-07
3.20408e-07
3.1072e-07
3.28119e-07
3.54767e-07
3.81466e-07
4.00569e-07
4.03794e-07
3.81488e-07
3.23742e-07
2.2858e-07
1.17634e-07
4.48208e-08
4.36289e-08
9.14063e-08
8.6745e-08
4.22941e-08
1.21809e-08
1.52933e-08
4.71447e-08
1.03845e-07
1.8387e-07
2.84737e-07
4.02821e-07
5.3386e-07
6.73569e-07
8.17889e-07
9.6347e-07
1.10749e-06
1.24769e-06
1.38368e-06
1.51628e-06
1.64655e-06
1.77467e-06
1.89988e-06
2.02046e-06
2.1348e-06
2.24204e-06
2.34263e-06
2.43773e-06
2.5281e-06
2.61422e-06
2.69633e-06
2.77473e-06
2.84978e-06
2.92259e-06
2.99448e-06
3.06738e-06
3.14171e-06
3.21673e-06
3.29091e-06
3.36085e-06
3.41981e-06
3.45546e-06
3.44528e-06
3.34858e-06
3.09814e-06
2.60189e-06
1.79297e-06
8.14173e-07
3.30135e-07
1.96813e-07
1.77659e-07
1.92092e-07
2.21033e-07
2.56577e-07
2.90938e-07
3.13977e-07
3.12888e-07
2.7317e-07
1.89305e-07
8.6331e-08
3.73255e-08
8.29212e-08
1.86419e-07
2.14301e-07
1.644e-07
9.08738e-08
3.55917e-08
1.83151e-08
4.36109e-08
1.08328e-07
2.05869e-07
3.28583e-07
4.68783e-07
6.19764e-07
7.76328e-07
9.34991e-07
1.09353e-06
1.25081e-06
1.40671e-06
1.56076e-06
1.71179e-06
1.85761e-06
1.99619e-06
2.12597e-06
2.24673e-06
2.35945e-06
2.46545e-06
2.56661e-06
2.66463e-06
2.76122e-06
2.85754e-06
2.95416e-06
3.05057e-06
3.14612e-06
3.24026e-06
3.33356e-06
3.4262e-06
3.51721e-06
3.60401e-06
3.68104e-06
3.73761e-06
3.75378e-06
3.69332e-06
3.49287e-06
3.05187e-06
2.26171e-06
1.22267e-06
6.32122e-07
3.53679e-07
2.81274e-07
2.79515e-07
3.03507e-07
3.36636e-07
3.70346e-07
3.97062e-07
4.0823e-07
3.93381e-07
3.40239e-07
2.43158e-07
1.21974e-07
4.17232e-08
5.92003e-08
1.31649e-07
1.19699e-07
5.60348e-08
1.37385e-08
1.21792e-08
4.23908e-08
9.904e-08
1.80479e-07
2.83909e-07
4.05326e-07
5.40085e-07
6.8361e-07
8.31568e-07
9.80488e-07
1.12741e-06
1.26987e-06
1.40766e-06
1.54198e-06
1.67422e-06
1.80462e-06
1.93232e-06
2.05525e-06
2.1716e-06
2.2804e-06
2.38232e-06
2.47883e-06
2.57079e-06
2.65869e-06
2.74275e-06
2.82331e-06
2.9007e-06
2.97633e-06
3.05171e-06
3.12948e-06
3.21028e-06
3.2936e-06
3.37848e-06
3.4622e-06
3.53877e-06
3.5967e-06
3.61368e-06
3.54662e-06
3.31912e-06
2.81634e-06
1.93225e-06
8.02681e-07
2.8544e-07
1.63462e-07
1.52956e-07
1.7106e-07
2.03416e-07
2.43878e-07
2.85048e-07
3.1647e-07
3.2443e-07
2.9147e-07
2.0723e-07
9.34203e-08
3.80073e-08
1.10433e-07
2.48184e-07
2.7433e-07
2.04862e-07
1.11802e-07
4.29601e-08
1.83204e-08
4.09857e-08
1.06316e-07
2.06487e-07
3.32949e-07
4.77266e-07
6.3225e-07
7.92432e-07
9.54311e-07
1.11569e-06
1.27554e-06
1.43407e-06
1.59093e-06
1.74489e-06
1.89343e-06
2.03431e-06
2.16575e-06
2.28765e-06
2.40123e-06
2.50796e-06
2.61001e-06
2.70922e-06
2.80756e-06
2.9063e-06
3.00612e-06
3.10635e-06
3.20633e-06
3.30548e-06
3.40497e-06
3.50547e-06
3.60651e-06
3.70621e-06
3.79977e-06
3.87736e-06
3.91944e-06
3.88848e-06
3.71428e-06
3.27444e-06
2.40898e-06
1.18992e-06
5.90037e-07
3.06409e-07
2.43461e-07
2.49056e-07
2.78999e-07
3.18226e-07
3.58808e-07
3.93222e-07
4.12709e-07
4.06208e-07
3.59086e-07
2.6146e-07
1.29448e-07
3.97212e-08
8.3474e-08
1.85651e-07
1.60673e-07
7.23083e-08
1.60724e-08
9.76098e-09
3.83198e-08
9.48624e-08
1.77713e-07
2.8372e-07
4.08478e-07
5.46941e-07
6.94247e-07
8.4577e-07
9.97945e-07
1.14768e-06
1.29219e-06
1.43159e-06
1.56747e-06
1.70158e-06
1.83421e-06
1.96441e-06
2.08968e-06
2.20797e-06
2.31819e-06
2.42129e-06
2.51912e-06
2.61258e-06
2.70219e-06
2.78813e-06
2.87078e-06
2.95038e-06
3.02869e-06
3.1074e-06
3.19001e-06
3.27729e-06
3.36896e-06
3.46473e-06
3.56269e-06
3.65779e-06
3.73979e-06
3.78737e-06
3.75593e-06
3.56048e-06
3.06127e-06
2.10164e-06
7.89817e-07
2.40422e-07
1.34257e-07
1.31748e-07
1.51816e-07
1.86365e-07
2.31037e-07
2.78741e-07
3.18701e-07
3.36568e-07
3.11965e-07
2.29128e-07
1.03888e-07
3.86446e-08
1.47493e-07
3.25491e-07
3.44647e-07
2.50263e-07
1.34826e-07
5.12824e-08
1.89588e-08
3.89779e-08
1.04998e-07
2.07874e-07
3.3813e-07
4.86552e-07
6.45461e-07
8.09128e-07
9.74067e-07
1.13811e-06
1.30034e-06
1.46139e-06
1.62098e-06
1.77786e-06
1.92907e-06
2.07219e-06
2.20516e-06
2.32802e-06
2.4423e-06
2.54959e-06
2.65239e-06
2.75267e-06
2.85267e-06
2.95376e-06
3.05678e-06
3.16082e-06
3.26517e-06
3.36922e-06
3.47481e-06
3.58318e-06
3.69438e-06
3.80734e-06
3.9182e-06
4.01836e-06
4.08928e-06
4.09316e-06
3.95419e-06
3.5272e-06
2.58618e-06
1.13912e-06
5.49812e-07
2.6091e-07
2.08006e-07
2.1993e-07
2.5493e-07
2.99734e-07
3.46947e-07
3.89046e-07
4.1711e-07
4.19774e-07
3.80158e-07
2.83762e-07
1.4074e-07
3.85984e-08
1.19317e-07
2.56035e-07
2.10047e-07
9.06659e-08
1.88696e-08
7.92397e-09
3.48727e-08
9.12706e-08
1.75545e-07
2.84146e-07
4.12253e-07
5.54402e-07
7.05449e-07
8.60457e-07
1.0158e-06
1.16826e-06
1.31464e-06
1.45542e-06
1.59268e-06
1.72859e-06
1.86342e-06
1.99613e-06
2.12372e-06
2.24389e-06
2.35538e-06
2.4595e-06
2.55855e-06
2.65344e-06
2.74471e-06
2.83246e-06
2.91712e-06
2.9988e-06
3.07965e-06
3.16147e-06
3.24887e-06
3.34262e-06
3.44265e-06
3.54944e-06
3.662e-06
3.77641e-06
3.88413e-06
3.96567e-06
3.97614e-06
3.82316e-06
3.34074e-06
2.30914e-06
7.75037e-07
1.95922e-07
1.11451e-07
1.15362e-07
1.35046e-07
1.70245e-07
2.18241e-07
2.72072e-07
3.20581e-07
3.4911e-07
3.34508e-07
2.55312e-07
1.18729e-07
3.88546e-08
1.97074e-07
4.20946e-07
4.25569e-07
3.00237e-07
1.59599e-07
6.03532e-08
2.0129e-08
3.75379e-08
1.04348e-07
2.10007e-07
3.44105e-07
4.96609e-07
6.59357e-07
8.26365e-07
9.94207e-07
1.16075e-06
1.32516e-06
1.4886e-06
1.65086e-06
1.81065e-06
1.96451e-06
2.10981e-06
2.24417e-06
2.36781e-06
2.48263e-06
2.59031e-06
2.69374e-06
2.79494e-06
2.89652e-06
2.99989e-06
3.10611e-06
3.21393e-06
3.32262e-06
3.43139e-06
3.54299e-06
3.6592e-06
3.78063e-06
3.90712e-06
4.03592e-06
4.16004e-06
4.26262e-06
4.30688e-06
4.21333e-06
3.81465e-06
2.80314e-06
1.06427e-06
5.13796e-07
2.18682e-07
1.76135e-07
1.928e-07
2.31666e-07
2.81375e-07
3.34876e-07
3.84548e-07
4.2132e-07
4.33869e-07
4.03263e-07
3.10283e-07
1.56747e-07
3.81507e-08
1.70838e-07
3.45717e-07
2.68024e-07
1.10549e-07
2.18097e-08
6.56502e-09
3.19953e-08
8.82257e-08
1.73951e-07
2.85168e-07
4.16632e-07
5.62439e-07
7.17187e-07
8.75592e-07
1.03402e-06
1.18911e-06
1.33715e-06
1.47911e-06
1.61756e-06
1.75519e-06
1.8922e-06
2.02747e-06
2.15736e-06
2.27934e-06
2.39195e-06
2.49692e-06
2.59712e-06
2.69337e-06
2.78624e-06
2.87572e-06
2.96232e-06
3.04591e-06
3.12918e-06
3.21388e-06
3.30602e-06
3.40621e-06
3.51453e-06
3.6324e-06
3.75983e-06
3.89418e-06
4.02907e-06
4.1478e-06
4.20669e-06
4.10782e-06
3.65907e-06
2.56522e-06
7.57547e-07
1.52899e-07
9.80491e-08
1.05374e-07
1.21501e-07
1.5544e-07
2.05688e-07
2.65119e-07
3.22035e-07
3.61854e-07
3.58882e-07
2.86004e-07
1.39205e-07
3.83924e-08
2.63418e-07
5.37381e-07
5.17161e-07
3.54289e-07
1.85748e-07
6.99709e-08
2.1739e-08
3.66213e-08
1.04341e-07
2.12861e-07
3.50847e-07
5.07404e-07
6.73899e-07
8.44093e-07
1.01468e-06
1.18354e-06
1.34993e-06
1.51565e-06
1.6805e-06
1.84324e-06
1.9997e-06
2.14713e-06
2.28274e-06
2.40697e-06
2.5222e-06
2.63009e-06
2.73402e-06
2.83601e-06
2.93908e-06
3.04467e-06
3.15412e-06
3.26568e-06
3.37865e-06
3.49194e-06
3.6094e-06
3.7334e-06
3.86505e-06
4.00526e-06
4.15251e-06
4.30181e-06
4.43871e-06
4.52894e-06
4.4921e-06
4.14162e-06
3.07366e-06
9.58757e-07
4.84989e-07
1.81521e-07
1.49312e-07
1.68407e-07
2.09597e-07
2.63375e-07
3.22718e-07
3.79763e-07
4.25241e-07
4.48273e-07
4.28142e-07
3.41133e-07
1.78588e-07
3.82976e-08
2.43951e-07
4.5782e-07
3.34589e-07
1.31301e-07
2.45802e-08
5.59652e-09
2.96402e-08
8.56925e-08
1.72912e-07
2.86765e-07
4.21592e-07
5.71025e-07
7.29432e-07
8.91138e-07
1.05257e-06
1.21023e-06
1.35969e-06
1.5026e-06
1.64207e-06
1.78135e-06
1.92053e-06
2.0584e-06
2.19059e-06
2.31431e-06
2.42787e-06
2.53352e-06
2.63479e-06
2.73233e-06
2.82676e-06
2.91789e-06
3.00639e-06
3.09172e-06
3.17727e-06
3.26456e-06
3.3614e-06
3.46798e-06
3.5845e-06
3.71344e-06
3.85589e-06
4.01065e-06
4.17396e-06
4.33292e-06
4.44676e-06
4.4148e-06
4.02071e-06
2.88366e-06
7.3627e-07
1.12425e-07
9.8089e-08
1.03649e-07
1.11985e-07
1.42331e-07
1.93583e-07
2.57974e-07
3.23005e-07
3.74599e-07
3.84803e-07
3.21272e-07
1.66827e-07
3.73918e-08
3.52593e-07
6.77756e-07
6.19173e-07
4.11814e-07
2.12883e-07
7.99435e-08
2.37076e-08
3.6189e-08
1.04951e-07
2.1641e-07
3.58331e-07
5.18902e-07
6.89045e-07
8.62262e-07
1.03543e-06
1.20644e-06
1.37458e-06
1.54247e-06
1.70988e-06
1.87559e-06
2.03462e-06
2.18415e-06
2.32084e-06
2.44548e-06
2.56098e-06
2.6689e-06
2.77323e-06
2.87585e-06
2.98035e-06
3.08808e-06
3.2008e-06
3.31605e-06
3.43326e-06
3.5508e-06
3.674e-06
3.80568e-06
3.9475e-06
4.10152e-06
4.26758e-06
4.44308e-06
4.61671e-06
4.75841e-06
4.7905e-06
4.51321e-06
3.41737e-06
8.16629e-07
4.67283e-07
1.5158e-07
1.29301e-07
1.47582e-07
1.89124e-07
2.45965e-07
3.10602e-07
3.74739e-07
4.28787e-07
4.62765e-07
4.54471e-07
3.76271e-07
2.07587e-07
3.92999e-08
3.47179e-07
5.95522e-07
4.09468e-07
1.52186e-07
2.6893e-08
4.94919e-09
2.77672e-08
8.364e-08
1.72409e-07
2.88918e-07
4.2711e-07
5.80131e-07
7.42152e-07
9.07054e-07
1.07139e-06
1.23157e-06
1.38222e-06
1.52585e-06
1.66617e-06
1.80705e-06
1.94836e-06
2.08893e-06
2.22339e-06
2.34881e-06
2.46312e-06
2.56927e-06
2.67155e-06
2.77032e-06
2.86627e-06
2.95898e-06
3.04933e-06
3.1362e-06
3.22393e-06
3.31346e-06
3.41499e-06
3.5279e-06
3.65244e-06
3.79239e-06
3.94994e-06
4.12541e-06
4.31811e-06
4.52006e-06
4.69534e-06
4.74403e-06
4.43012e-06
3.28272e-06
7.09897e-07
7.5691e-08
1.17026e-07
1.12377e-07
1.0732e-07
1.3128e-07
1.82119e-07
2.50739e-07
3.23449e-07
3.87148e-07
4.11928e-07
3.60982e-07
2.03273e-07
3.67937e-08
4.73292e-07
8.44979e-07
7.30986e-07
4.72107e-07
2.40611e-07
9.00943e-08
2.59661e-08
3.62073e-08
1.0616e-07
2.2063e-07
3.66532e-07
5.31068e-07
7.04752e-07
8.80819e-07
1.05642e-06
1.22941e-06
1.39906e-06
1.56903e-06
1.73893e-06
1.90769e-06
2.06924e-06
2.22084e-06
2.35845e-06
2.4833e-06
2.59895e-06
2.70672e-06
2.81134e-06
2.91447e-06
3.02032e-06
3.13012e-06
3.24614e-06
3.36504e-06
3.48645e-06
3.60795e-06
3.7367e-06
3.87595e-06
4.02781e-06
4.19566e-06
4.38075e-06
4.58326e-06
4.79572e-06
4.99412e-06
5.10799e-06
4.9345e-06
3.86231e-06
6.35347e-07
4.65994e-07
1.31438e-07
1.18275e-07
1.31241e-07
1.70649e-07
2.29363e-07
2.98656e-07
3.69537e-07
4.31888e-07
4.77132e-07
4.81872e-07
4.15454e-07
2.45194e-07
4.21525e-08
4.92813e-07
7.61808e-07
4.921e-07
1.7242e-07
2.85017e-08
4.57358e-09
2.63443e-08
8.20414e-08
1.72429e-07
2.91607e-07
4.33166e-07
5.89726e-07
7.5532e-07
9.23299e-07
1.09047e-06
1.25313e-06
1.4047e-06
1.54881e-06
1.68979e-06
1.83224e-06
1.97569e-06
2.11903e-06
2.25575e-06
2.38281e-06
2.49768e-06
2.60414e-06
2.7074e-06
2.80734e-06
2.90477e-06
2.99898e-06
3.09116e-06
3.17935e-06
3.26915e-06
3.36053e-06
3.46677e-06
3.58593e-06
3.71829e-06
3.86911e-06
4.04175e-06
4.23806e-06
4.46087e-06
4.70824e-06
4.95117e-06
5.09491e-06
4.89149e-06
3.78669e-06
6.77072e-07
4.40715e-08
1.62252e-07
1.34107e-07
1.0831e-07
1.22605e-07
1.71474e-07
2.43525e-07
3.23343e-07
3.99321e-07
4.3987e-07
4.04749e-07
2.50227e-07
3.90658e-08
6.37989e-07
1.04164e-06
8.51576e-07
5.34394e-07
2.6855e-07
1.00266e-07
2.84598e-08
3.66476e-08
1.07947e-07
2.25494e-07
3.75422e-07
5.43865e-07
7.2098e-07
8.99714e-07
1.0776e-06
1.25239e-06
1.4233e-06
1.59529e-06
1.76762e-06
1.9395e-06
2.10353e-06
2.25719e-06
2.39555e-06
2.52041e-06
2.63611e-06
2.74352e-06
2.84838e-06
2.95183e-06
3.05899e-06
3.17075e-06
3.29018e-06
3.41264e-06
3.53824e-06
3.66332e-06
3.79746e-06
3.94415e-06
4.10586e-06
4.28748e-06
4.49167e-06
4.72177e-06
4.97479e-06
5.23468e-06
5.44339e-06
5.41012e-06
4.44888e-06
4.21209e-07
4.89045e-07
1.24203e-07
1.18968e-07
1.20392e-07
1.54553e-07
2.13774e-07
2.87001e-07
3.64229e-07
4.3449e-07
4.91176e-07
5.09931e-07
4.58193e-07
2.92838e-07
4.92535e-08
6.98557e-07
9.59121e-07
5.81625e-07
1.91194e-07
2.92167e-08
4.44017e-09
2.53489e-08
8.08749e-08
1.72959e-07
2.94813e-07
4.39738e-07
5.9978e-07
7.68906e-07
9.39833e-07
1.10976e-06
1.27489e-06
1.42708e-06
1.57146e-06
1.71291e-06
1.85691e-06
2.00247e-06
2.14872e-06
2.28767e-06
2.41633e-06
2.53154e-06
2.63811e-06
2.74232e-06
2.84336e-06
2.94226e-06
3.03789e-06
3.13189e-06
3.22116e-06
3.31298e-06
3.40572e-06
3.51675e-06
3.64206e-06
3.78198e-06
3.94351e-06
4.13113e-06
4.34824e-06
4.60159e-06
4.89642e-06
5.2128e-06
5.46623e-06
5.40848e-06
4.42816e-06
6.36859e-07
1.92899e-08
2.43781e-07
1.71786e-07
1.15674e-07
1.16559e-07
1.618e-07
2.36441e-07
3.22677e-07
4.10955e-07
4.68221e-07
4.51909e-07
3.09118e-07
4.93615e-08
8.64571e-07
1.26965e-06
9.79492e-07
5.97863e-07
2.9634e-07
1.10323e-07
3.11478e-08
3.74854e-08
1.10296e-07
2.30975e-07
3.84977e-07
5.57254e-07
7.37687e-07
9.18893e-07
1.09892e-06
1.27535e-06
1.44725e-06
1.62119e-06
1.7959e-06
1.97103e-06
2.13747e-06
2.2932e-06
2.4321e-06
2.55676e-06
2.67245e-06
2.77929e-06
2.88432e-06
2.98793e-06
3.09637e-06
3.20998e-06
3.33292e-06
3.45888e-06
3.58866e-06
3.7169e-06
3.85627e-06
4.01023e-06
4.18156e-06
4.37681e-06
4.60002e-06
4.85808e-06
5.15297e-06
5.47848e-06
5.79467e-06
5.94367e-06
5.23576e-06
1.99168e-07
5.49363e-07
1.33634e-07
1.3493e-07
1.16113e-07
1.41174e-07
1.99372e-07
2.75747e-07
3.58893e-07
4.36552e-07
5.04721e-07
5.38219e-07
5.03739e-07
3.51683e-07
6.54926e-08
9.89845e-07
1.18889e-06
6.7691e-07
2.07721e-07
2.89213e-08
4.53837e-09
2.4769e-08
8.01233e-08
1.73993e-07
2.98518e-07
4.46804e-07
6.10261e-07
7.82882e-07
9.56613e-07
1.12921e-06
1.29683e-06
1.44933e-06
1.59374e-06
1.73548e-06
1.88103e-06
2.02869e-06
2.17798e-06
2.31914e-06
2.44937e-06
2.56468e-06
2.67113e-06
2.77631e-06
2.8784e-06
2.97876e-06
3.0757e-06
3.17156e-06
3.26162e-06
3.35544e-06
3.44898e-06
3.56494e-06
3.6963e-06
3.84345e-06
4.01547e-06
4.21792e-06
4.45562e-06
4.73964e-06
5.08354e-06
5.47858e-06
5.85607e-06
5.98378e-06
5.25092e-06
5.89702e-07
3.77554e-09
3.75169e-07
2.28783e-07
1.29973e-07
1.13313e-07
1.53218e-07
2.29601e-07
3.21461e-07
4.21921e-07
4.96581e-07
5.01518e-07
3.80729e-07
7.7313e-08
1.17864e-06
1.52974e-06
1.11287e-06
6.61698e-07
3.23654e-07
1.20158e-07
3.40041e-08
3.87005e-08
1.13191e-07
2.37044e-07
3.95171e-07
5.71198e-07
7.54831e-07
9.38305e-07
1.12033e-06
1.29826e-06
1.47085e-06
1.64671e-06
1.82373e-06
2.00226e-06
2.17101e-06
2.32886e-06
2.4681e-06
2.59234e-06
2.70796e-06
2.81401e-06
2.9192e-06
3.02276e-06
3.13248e-06
3.24781e-06
3.37441e-06
3.50374e-06
3.63775e-06
3.76864e-06
3.91308e-06
4.07415e-06
4.25481e-06
4.46351e-06
4.70552e-06
4.99166e-06
5.3293e-06
5.72376e-06
6.1589e-06
6.53688e-06
6.30867e-06
2.9761e-08
6.69483e-07
1.6429e-07
1.70893e-07
1.19521e-07
1.30783e-07
1.86301e-07
2.64989e-07
3.53619e-07
4.38054e-07
5.17626e-07
5.66324e-07
5.51072e-07
4.22259e-07
9.9943e-08
)
;

boundaryField
{
    left
    {
        type            cyclic;
    }
    right
    {
        type            cyclic;
    }
    top
    {
        type            calculated;
        value           nonuniform List<scalar> 
120
(
1.17429e-06
1.32152e-06
7.33222e-07
2.18117e-07
2.9048e-08
4.64304e-09
2.42384e-08
7.90649e-08
1.73468e-07
2.99012e-07
4.48764e-07
6.1376e-07
7.8807e-07
9.63135e-07
1.13708e-06
1.30611e-06
1.45873e-06
1.6031e-06
1.74487e-06
1.89117e-06
2.03984e-06
2.19079e-06
2.33316e-06
2.46434e-06
2.57972e-06
2.68606e-06
2.79177e-06
2.89438e-06
2.99551e-06
3.09308e-06
3.18996e-06
3.28026e-06
3.3751e-06
3.46854e-06
3.58682e-06
3.72096e-06
3.8713e-06
4.0481e-06
4.25744e-06
4.50476e-06
4.80334e-06
5.17163e-06
5.60799e-06
6.05585e-06
6.30191e-06
5.8501e-06
5.24843e-07
0
4.82957e-07
2.59953e-07
1.37382e-07
1.13176e-07
1.51605e-07
2.29649e-07
3.24411e-07
4.30694e-07
5.12446e-07
5.24719e-07
4.11166e-07
9.01158e-08
1.37353e-06
1.67552e-06
1.18696e-06
6.98343e-07
3.4018e-07
1.26609e-07
3.59439e-08
3.89921e-08
1.13721e-07
2.38707e-07
3.98638e-07
5.76363e-07
7.61514e-07
9.46037e-07
1.12905e-06
1.30772e-06
1.48049e-06
1.65729e-06
1.8354e-06
2.01578e-06
2.18578e-06
2.34491e-06
2.48442e-06
2.60848e-06
2.72418e-06
2.82975e-06
2.93505e-06
3.03843e-06
3.1487e-06
3.2647e-06
3.39315e-06
3.52406e-06
3.66025e-06
3.7921e-06
3.93883e-06
4.10314e-06
4.288e-06
4.50293e-06
4.75368e-06
5.05323e-06
5.41177e-06
5.84123e-06
6.34032e-06
6.85763e-06
7.14737e-06
0
7.74764e-07
2.00041e-07
1.96923e-07
1.23262e-07
1.28065e-07
1.82916e-07
2.6309e-07
3.54465e-07
4.41801e-07
5.26418e-07
5.81032e-07
5.72288e-07
4.51378e-07
1.14147e-07
)
;
    }
    bottom
    {
        type            calculated;
        value           nonuniform List<scalar> 
120
(
7.79883e-07
7.78772e-07
7.78173e-07
7.78086e-07
7.78508e-07
7.79429e-07
7.80835e-07
7.82704e-07
7.85011e-07
7.87723e-07
7.90804e-07
7.94214e-07
7.97908e-07
8.01836e-07
8.05949e-07
8.10191e-07
8.14507e-07
8.1884e-07
8.23132e-07
8.27325e-07
8.31363e-07
8.35189e-07
8.38752e-07
8.41999e-07
8.44883e-07
8.47362e-07
8.49396e-07
8.50951e-07
8.51999e-07
8.52516e-07
8.52487e-07
8.51901e-07
8.50754e-07
8.49049e-07
8.46796e-07
8.44009e-07
8.40713e-07
8.36934e-07
8.32707e-07
8.28071e-07
8.23071e-07
8.17754e-07
8.12174e-07
8.06386e-07
8.00447e-07
7.94417e-07
7.88364e-07
7.82343e-07
7.76405e-07
7.70613e-07
7.65028e-07
7.59707e-07
7.54707e-07
7.50083e-07
7.45883e-07
7.42155e-07
7.3894e-07
7.36272e-07
7.34181e-07
7.32691e-07
7.31812e-07
7.31556e-07
7.31933e-07
7.32941e-07
7.34577e-07
7.36829e-07
7.39679e-07
7.43106e-07
7.4708e-07
7.51568e-07
7.5653e-07
7.61922e-07
7.67696e-07
7.73799e-07
7.80174e-07
7.86763e-07
7.93502e-07
8.0033e-07
8.07179e-07
8.13986e-07
8.20685e-07
8.27212e-07
8.33505e-07
8.39503e-07
8.4515e-07
8.50393e-07
8.55183e-07
8.59477e-07
8.63235e-07
8.66427e-07
8.69026e-07
8.71014e-07
8.72377e-07
8.73111e-07
8.73217e-07
8.72706e-07
8.71591e-07
8.69897e-07
8.67651e-07
8.64889e-07
8.6165e-07
8.57981e-07
8.5393e-07
8.49551e-07
8.449e-07
8.40035e-07
8.35023e-07
8.29919e-07
8.24778e-07
8.19659e-07
8.14622e-07
8.09724e-07
8.05021e-07
8.00566e-07
7.96408e-07
7.92593e-07
7.89162e-07
7.86149e-07
7.83586e-07
7.81494e-07
)
;
    }
    frontAndBack
    {
        type            empty;
    }
}


// ************************************************************************* //
