/*--------------------------------*- C++ -*----------------------------------*\
| =========                 |                                                 |
| \\      /  F ield         | OpenFOAM: The Open Source CFD Toolbox           |
|  \\    /   O peration     | Version:  5.x                                   |
|   \\  /    A nd           | Web:      www.OpenFOAM.org                      |
|    \\/     M anipulation  |                                                 |
\*---------------------------------------------------------------------------*/
FoamFile
{
    version     2.0;
    format      ascii;
    class       volScalarField;
    location    "300/surface";
    object      Dt_CoeffMean;
}
// * * * * * * * * * * * * * * * * * * * * * * * * * * * * * * * * * * * * * //

dimensions      [0 2 -1 0 0 0 0];

internalField   nonuniform List<scalar> 
7200
(
1.00002e-06
1.00003e-06
1.00004e-06
1.00006e-06
1.00008e-06
1.00011e-06
1.00013e-06
1.00016e-06
1.00018e-06
1.0002e-06
1.00022e-06
1.00024e-06
1.00025e-06
1.00026e-06
1.00026e-06
1.00026e-06
1.00026e-06
1.00026e-06
1.00026e-06
1.00026e-06
1.00025e-06
1.00025e-06
1.00024e-06
1.00023e-06
1.00023e-06
1.00022e-06
1.00022e-06
1.00021e-06
1.00021e-06
1.0002e-06
1.0002e-06
1.00019e-06
1.00019e-06
1.00019e-06
1.00018e-06
1.00018e-06
1.00018e-06
1.00018e-06
1.00018e-06
1.00018e-06
1.00018e-06
1.00018e-06
1.0002e-06
1.00018e-06
1.00022e-06
1.00044e-06
1.00011e-06
1.00002e-06
1.00001e-06
1.00001e-06
1.00001e-06
1.00001e-06
1.00001e-06
1.00001e-06
1.00001e-06
1.00001e-06
1.00001e-06
1.00001e-06
1.00002e-06
1.00002e-06
1.00002e-06
1.00003e-06
1.00004e-06
1.00006e-06
1.00008e-06
1.00011e-06
1.00013e-06
1.00016e-06
1.00018e-06
1.0002e-06
1.00022e-06
1.00024e-06
1.00025e-06
1.00026e-06
1.00026e-06
1.00026e-06
1.00026e-06
1.00026e-06
1.00026e-06
1.00026e-06
1.00025e-06
1.00025e-06
1.00024e-06
1.00023e-06
1.00023e-06
1.00022e-06
1.00022e-06
1.00021e-06
1.00021e-06
1.0002e-06
1.0002e-06
1.00019e-06
1.00019e-06
1.00019e-06
1.00018e-06
1.00018e-06
1.00018e-06
1.00018e-06
1.00018e-06
1.00018e-06
1.00018e-06
1.00018e-06
1.0002e-06
1.00018e-06
1.00022e-06
1.00044e-06
1.00011e-06
1.00002e-06
1.00001e-06
1.00001e-06
1.00001e-06
1.00001e-06
1.00001e-06
1.00001e-06
1.00001e-06
1.00001e-06
1.00001e-06
1.00001e-06
1.00002e-06
1.00002e-06
1.00088e-06
1.00236e-06
1.00543e-06
1.00864e-06
1.01284e-06
1.01703e-06
1.02127e-06
1.02551e-06
1.02966e-06
1.0336e-06
1.03701e-06
1.03987e-06
1.04208e-06
1.04375e-06
1.04478e-06
1.04533e-06
1.04537e-06
1.04507e-06
1.04453e-06
1.04381e-06
1.04283e-06
1.04176e-06
1.0406e-06
1.03942e-06
1.03822e-06
1.03707e-06
1.03594e-06
1.03492e-06
1.03389e-06
1.03302e-06
1.03211e-06
1.03141e-06
1.03063e-06
1.03009e-06
1.02948e-06
1.02905e-06
1.02869e-06
1.02828e-06
1.02835e-06
1.02786e-06
1.02874e-06
1.02759e-06
1.03109e-06
1.02777e-06
1.03441e-06
1.06708e-06
1.0162e-06
1.00175e-06
1.00021e-06
1.0002e-06
1.00022e-06
1.00022e-06
1.0002e-06
1.00022e-06
1.00025e-06
1.0003e-06
1.00043e-06
1.00068e-06
1.00105e-06
1.00122e-06
1.00088e-06
1.00236e-06
1.00543e-06
1.00864e-06
1.01284e-06
1.01703e-06
1.02127e-06
1.02551e-06
1.02966e-06
1.0336e-06
1.03701e-06
1.03987e-06
1.04208e-06
1.04374e-06
1.04478e-06
1.04533e-06
1.04537e-06
1.04507e-06
1.04453e-06
1.0438e-06
1.04283e-06
1.04175e-06
1.0406e-06
1.03942e-06
1.03822e-06
1.03707e-06
1.03594e-06
1.03492e-06
1.03389e-06
1.03302e-06
1.03211e-06
1.03142e-06
1.03064e-06
1.03009e-06
1.02948e-06
1.02906e-06
1.02869e-06
1.02828e-06
1.02835e-06
1.02786e-06
1.02874e-06
1.02759e-06
1.03109e-06
1.02778e-06
1.03442e-06
1.06708e-06
1.0162e-06
1.00175e-06
1.00021e-06
1.0002e-06
1.00022e-06
1.00022e-06
1.0002e-06
1.00022e-06
1.00025e-06
1.0003e-06
1.00043e-06
1.00068e-06
1.00105e-06
1.00122e-06
1.01703e-06
1.0444e-06
1.1036e-06
1.16396e-06
1.24173e-06
1.31736e-06
1.39263e-06
1.46535e-06
1.53293e-06
1.59492e-06
1.64896e-06
1.69388e-06
1.72874e-06
1.75443e-06
1.77043e-06
1.77819e-06
1.77787e-06
1.77166e-06
1.7613e-06
1.74732e-06
1.72888e-06
1.70872e-06
1.68695e-06
1.66469e-06
1.64182e-06
1.61969e-06
1.59782e-06
1.57758e-06
1.55721e-06
1.53939e-06
1.52076e-06
1.50618e-06
1.4893e-06
1.47759e-06
1.46312e-06
1.45338e-06
1.44302e-06
1.43322e-06
1.42906e-06
1.41783e-06
1.42451e-06
1.40435e-06
1.44194e-06
1.39183e-06
1.46353e-06
1.92457e-06
1.17197e-06
1.02994e-06
1.00511e-06
1.00385e-06
1.0043e-06
1.00432e-06
1.00373e-06
1.00399e-06
1.0045e-06
1.00536e-06
1.00785e-06
1.01295e-06
1.02117e-06
1.02549e-06
1.01704e-06
1.0444e-06
1.1036e-06
1.16395e-06
1.24171e-06
1.31734e-06
1.3926e-06
1.46531e-06
1.5329e-06
1.59488e-06
1.64892e-06
1.69385e-06
1.72871e-06
1.7544e-06
1.7704e-06
1.77817e-06
1.77784e-06
1.77164e-06
1.76128e-06
1.74731e-06
1.72888e-06
1.70872e-06
1.68696e-06
1.6647e-06
1.64183e-06
1.6197e-06
1.59785e-06
1.5776e-06
1.55723e-06
1.53942e-06
1.52079e-06
1.50621e-06
1.48933e-06
1.47763e-06
1.46316e-06
1.45341e-06
1.44305e-06
1.43326e-06
1.42909e-06
1.41787e-06
1.42455e-06
1.40438e-06
1.44197e-06
1.39186e-06
1.46359e-06
1.92463e-06
1.17196e-06
1.02994e-06
1.00511e-06
1.00385e-06
1.0043e-06
1.00432e-06
1.00373e-06
1.00399e-06
1.0045e-06
1.00536e-06
1.00785e-06
1.01295e-06
1.02117e-06
1.02549e-06
1.11148e-06
1.27875e-06
1.62823e-06
1.93324e-06
2.2856e-06
2.60444e-06
2.90213e-06
3.17338e-06
3.41674e-06
3.63137e-06
3.81356e-06
3.95991e-06
4.07075e-06
4.14824e-06
4.19364e-06
4.21089e-06
4.2018e-06
4.17293e-06
4.13012e-06
4.07343e-06
4.00204e-06
3.92433e-06
3.84021e-06
3.75349e-06
3.66377e-06
3.57568e-06
3.48761e-06
3.40405e-06
3.31975e-06
3.243e-06
3.16405e-06
3.09746e-06
3.02426e-06
2.96779e-06
2.90197e-06
2.85305e-06
2.8011e-06
2.7516e-06
2.72382e-06
2.6673e-06
2.66981e-06
2.60079e-06
2.68527e-06
2.55093e-06
2.43051e-06
4.79191e-06
1.60094e-06
1.13485e-06
1.04014e-06
1.02921e-06
1.03426e-06
1.03509e-06
1.02949e-06
1.02914e-06
1.03037e-06
1.03509e-06
1.05215e-06
1.08781e-06
1.14722e-06
1.17492e-06
1.11149e-06
1.27873e-06
1.62818e-06
1.93319e-06
2.28553e-06
2.60436e-06
2.90204e-06
3.17328e-06
3.41665e-06
3.63128e-06
3.81347e-06
3.95983e-06
4.07066e-06
4.14815e-06
4.19355e-06
4.21081e-06
4.20173e-06
4.17287e-06
4.13006e-06
4.0734e-06
4.00203e-06
3.92434e-06
3.84024e-06
3.75354e-06
3.66383e-06
3.57574e-06
3.48768e-06
3.40413e-06
3.31983e-06
3.24309e-06
3.16415e-06
3.09756e-06
3.02436e-06
2.9679e-06
2.90208e-06
2.85316e-06
2.80121e-06
2.7517e-06
2.72392e-06
2.66741e-06
2.66991e-06
2.6009e-06
2.68537e-06
2.55104e-06
2.43068e-06
4.7922e-06
1.60093e-06
1.13484e-06
1.04014e-06
1.02922e-06
1.03427e-06
1.03509e-06
1.02949e-06
1.02913e-06
1.03037e-06
1.03509e-06
1.05215e-06
1.08782e-06
1.14723e-06
1.17494e-06
1.39515e-06
1.94912e-06
2.86432e-06
3.57664e-06
4.32148e-06
4.96106e-06
5.53041e-06
6.03772e-06
6.4769e-06
6.85664e-06
7.17218e-06
7.42223e-06
7.60815e-06
7.73497e-06
7.80806e-06
7.83168e-06
7.81203e-06
7.75816e-06
7.68139e-06
7.57831e-06
7.45069e-06
7.31098e-06
7.15917e-06
7.00116e-06
6.83671e-06
6.6729e-06
6.50809e-06
6.34826e-06
6.18707e-06
6.0354e-06
5.88178e-06
5.74437e-06
5.59992e-06
5.47759e-06
5.34566e-06
5.23592e-06
5.12659e-06
5.01983e-06
4.94756e-06
4.8334e-06
4.81097e-06
4.69754e-06
4.78308e-06
4.64088e-06
4.82201e-06
7.55376e-06
2.69676e-06
1.37982e-06
1.13532e-06
1.1134e-06
1.15403e-06
1.16478e-06
1.13773e-06
1.12703e-06
1.12352e-06
1.13401e-06
1.19522e-06
1.32434e-06
1.51595e-06
1.58658e-06
1.39514e-06
1.94907e-06
2.86422e-06
3.57653e-06
4.32134e-06
4.96089e-06
5.53023e-06
6.03754e-06
6.47673e-06
6.85648e-06
7.17204e-06
7.4221e-06
7.608e-06
7.7348e-06
7.8079e-06
7.83154e-06
7.81191e-06
7.75805e-06
7.68129e-06
7.57827e-06
7.45068e-06
7.31101e-06
7.15923e-06
7.00125e-06
6.83682e-06
6.67302e-06
6.50823e-06
6.34842e-06
6.18724e-06
6.03558e-06
5.88197e-06
5.74457e-06
5.60013e-06
5.4778e-06
5.34588e-06
5.23613e-06
5.12681e-06
5.02005e-06
4.94778e-06
4.83362e-06
4.81119e-06
4.69776e-06
4.78329e-06
4.6411e-06
4.82254e-06
7.55417e-06
2.69683e-06
1.37982e-06
1.13532e-06
1.11341e-06
1.15405e-06
1.16479e-06
1.13773e-06
1.12703e-06
1.12351e-06
1.13401e-06
1.19522e-06
1.32435e-06
1.51597e-06
1.58661e-06
1.93312e-06
3.1709e-06
4.68413e-06
5.81899e-06
6.91419e-06
7.84313e-06
8.64841e-06
9.35465e-06
9.95604e-06
1.04701e-05
1.08922e-05
1.12245e-05
1.14695e-05
1.16369e-05
1.17338e-05
1.17666e-05
1.17441e-05
1.16777e-05
1.15847e-05
1.14528e-05
1.12903e-05
1.11101e-05
1.09133e-05
1.07065e-05
1.049e-05
1.02721e-05
1.00516e-05
9.8346e-06
9.61545e-06
9.40516e-06
9.19378e-06
8.99789e-06
8.79707e-06
8.61741e-06
8.43197e-06
8.26814e-06
8.10868e-06
7.95523e-06
7.83252e-06
7.68562e-06
7.62484e-06
7.487e-06
7.55239e-06
7.44625e-06
7.74059e-06
1.04776e-05
5.25406e-06
1.81989e-06
1.33609e-06
1.25452e-06
1.42493e-06
1.50646e-06
1.4446e-06
1.39332e-06
1.36305e-06
1.36692e-06
1.50431e-06
1.79002e-06
2.1622e-06
2.25639e-06
1.93308e-06
3.1708e-06
4.68397e-06
5.8188e-06
6.91397e-06
7.84286e-06
8.64813e-06
9.35437e-06
9.95579e-06
1.04699e-05
1.08921e-05
1.12243e-05
1.14693e-05
1.16367e-05
1.17336e-05
1.17664e-05
1.1744e-05
1.16775e-05
1.15846e-05
1.14527e-05
1.12903e-05
1.11101e-05
1.09134e-05
1.07067e-05
1.04902e-05
1.02723e-05
1.00518e-05
9.83484e-06
9.61572e-06
9.40544e-06
9.19409e-06
8.9982e-06
8.7974e-06
8.61774e-06
8.43232e-06
8.26848e-06
8.10904e-06
7.95558e-06
7.83288e-06
7.68597e-06
7.62519e-06
7.48735e-06
7.55275e-06
7.44659e-06
7.74095e-06
1.04782e-05
5.25427e-06
1.81989e-06
1.33608e-06
1.25454e-06
1.42497e-06
1.5065e-06
1.44462e-06
1.39333e-06
1.36306e-06
1.36692e-06
1.5043e-06
1.79002e-06
2.16222e-06
2.25641e-06
2.75177e-06
4.84474e-06
6.79377e-06
8.28434e-06
9.66027e-06
1.08058e-05
1.17866e-05
1.26364e-05
1.33532e-05
1.39588e-05
1.44535e-05
1.48398e-05
1.5125e-05
1.53213e-05
1.54376e-05
1.54821e-05
1.5464e-05
1.53997e-05
1.5306e-05
1.51659e-05
1.49951e-05
1.48003e-05
1.45875e-05
1.43605e-05
1.41221e-05
1.38792e-05
1.36327e-05
1.33868e-05
1.3138e-05
1.28961e-05
1.26538e-05
1.24239e-05
1.21912e-05
1.19767e-05
1.17587e-05
1.15629e-05
1.13678e-05
1.11918e-05
1.10272e-05
1.08747e-05
1.07669e-05
1.06489e-05
1.0672e-05
1.06116e-05
1.08564e-05
1.33637e-05
9.7704e-06
2.53e-06
1.67695e-06
1.44753e-06
1.73115e-06
2.04908e-06
2.0308e-06
1.91596e-06
1.8289e-06
1.79066e-06
2.00785e-06
2.46133e-06
2.99829e-06
3.12896e-06
2.75168e-06
4.84457e-06
6.79356e-06
8.28408e-06
9.65999e-06
1.08054e-05
1.17863e-05
1.2636e-05
1.33529e-05
1.39585e-05
1.44533e-05
1.48396e-05
1.51247e-05
1.5321e-05
1.54374e-05
1.54819e-05
1.54638e-05
1.53995e-05
1.53059e-05
1.51659e-05
1.49951e-05
1.48004e-05
1.45876e-05
1.43606e-05
1.41223e-05
1.38795e-05
1.3633e-05
1.33871e-05
1.31384e-05
1.28965e-05
1.26542e-05
1.24243e-05
1.21917e-05
1.19772e-05
1.17592e-05
1.15634e-05
1.13683e-05
1.11923e-05
1.10277e-05
1.08752e-05
1.07674e-05
1.06494e-05
1.06725e-05
1.06121e-05
1.08569e-05
1.33645e-05
9.77081e-06
2.53002e-06
1.67695e-06
1.44754e-06
1.73121e-06
2.04916e-06
2.03086e-06
1.91599e-06
1.82891e-06
1.79065e-06
2.00784e-06
2.46132e-06
2.99828e-06
3.12892e-06
3.86927e-06
6.72761e-06
8.96964e-06
1.07416e-05
1.23071e-05
1.35958e-05
1.46908e-05
1.56261e-05
1.64081e-05
1.70596e-05
1.75896e-05
1.80003e-05
1.83055e-05
1.85189e-05
1.86508e-05
1.87097e-05
1.87044e-05
1.86574e-05
1.85772e-05
1.84489e-05
1.82898e-05
1.81047e-05
1.79024e-05
1.76816e-05
1.74492e-05
1.72097e-05
1.69651e-05
1.67185e-05
1.64679e-05
1.62224e-05
1.59752e-05
1.57377e-05
1.54972e-05
1.52732e-05
1.5044e-05
1.48407e-05
1.46283e-05
1.44509e-05
1.42628e-05
1.4122e-05
1.39795e-05
1.38909e-05
1.38614e-05
1.38577e-05
1.40102e-05
1.6063e-05
1.38944e-05
3.87386e-06
2.21772e-06
1.74331e-06
1.88873e-06
2.52569e-06
2.76569e-06
2.67136e-06
2.53966e-06
2.43303e-06
2.68817e-06
3.27199e-06
3.93496e-06
4.14766e-06
3.86913e-06
6.72738e-06
8.96938e-06
1.07413e-05
1.23067e-05
1.35954e-05
1.46904e-05
1.56256e-05
1.64078e-05
1.70593e-05
1.75893e-05
1.8e-05
1.83051e-05
1.85185e-05
1.86504e-05
1.87094e-05
1.87042e-05
1.86572e-05
1.85771e-05
1.84489e-05
1.82898e-05
1.81048e-05
1.79026e-05
1.76818e-05
1.74495e-05
1.721e-05
1.69656e-05
1.67189e-05
1.64684e-05
1.62229e-05
1.59758e-05
1.57383e-05
1.54978e-05
1.52738e-05
1.50446e-05
1.48413e-05
1.46289e-05
1.44516e-05
1.42634e-05
1.41227e-05
1.39802e-05
1.38916e-05
1.38621e-05
1.38584e-05
1.40109e-05
1.6064e-05
1.3895e-05
3.87393e-06
2.21773e-06
1.74332e-06
1.88878e-06
2.52578e-06
2.76578e-06
2.67142e-06
2.5397e-06
2.43303e-06
2.68816e-06
3.27197e-06
3.93494e-06
4.14759e-06
5.24259e-06
8.63543e-06
1.11012e-05
1.30345e-05
1.47137e-05
1.60802e-05
1.72295e-05
1.81932e-05
1.89898e-05
1.96459e-05
2.01778e-05
2.05882e-05
2.08963e-05
2.11164e-05
2.126e-05
2.13348e-05
2.13489e-05
2.13307e-05
2.12787e-05
2.11818e-05
2.10555e-05
2.09022e-05
2.07291e-05
2.05367e-05
2.03336e-05
2.01205e-05
1.99017e-05
1.96784e-05
1.94505e-05
1.9224e-05
1.89966e-05
1.87733e-05
1.85491e-05
1.83352e-05
1.81195e-05
1.79242e-05
1.77207e-05
1.75513e-05
1.73674e-05
1.72364e-05
1.70901e-05
1.70144e-05
1.69683e-05
1.69811e-05
1.70702e-05
1.86946e-05
1.73965e-05
6.04635e-06
2.96672e-06
2.22096e-06
2.19337e-06
2.69926e-06
3.33305e-06
3.49491e-06
3.40662e-06
3.28104e-06
3.50423e-06
4.1659e-06
4.9331e-06
5.23963e-06
5.24237e-06
8.63515e-06
1.11009e-05
1.30342e-05
1.47133e-05
1.60798e-05
1.72291e-05
1.81927e-05
1.89894e-05
1.96456e-05
2.01776e-05
2.05879e-05
2.08959e-05
2.11161e-05
2.12597e-05
2.13345e-05
2.13487e-05
2.13305e-05
2.12786e-05
2.11818e-05
2.10556e-05
2.09024e-05
2.07294e-05
2.0537e-05
2.0334e-05
2.01209e-05
1.99022e-05
1.9679e-05
1.94511e-05
1.92246e-05
1.89973e-05
1.8774e-05
1.85499e-05
1.8336e-05
1.81203e-05
1.79249e-05
1.77215e-05
1.75521e-05
1.73683e-05
1.72372e-05
1.70909e-05
1.70152e-05
1.69691e-05
1.6982e-05
1.70711e-05
1.86957e-05
1.73974e-05
6.04652e-06
2.96674e-06
2.22097e-06
2.19342e-06
2.69932e-06
3.33315e-06
3.49499e-06
3.40667e-06
3.28104e-06
3.50422e-06
4.1659e-06
4.93308e-06
5.23956e-06
6.74795e-06
1.04638e-05
1.3086e-05
1.50806e-05
1.68047e-05
1.81882e-05
1.93348e-05
2.02799e-05
2.10519e-05
2.16814e-05
2.21911e-05
2.25843e-05
2.28834e-05
2.31028e-05
2.32556e-05
2.3347e-05
2.33848e-05
2.34023e-05
2.33896e-05
2.33347e-05
2.32549e-05
2.31508e-05
2.30262e-05
2.28832e-05
2.27259e-05
2.25575e-05
2.23836e-05
2.22027e-05
2.2016e-05
2.18286e-05
2.16386e-05
2.14498e-05
2.12592e-05
2.10753e-05
2.08898e-05
2.07186e-05
2.05438e-05
2.03906e-05
2.02376e-05
2.0113e-05
1.99967e-05
1.99269e-05
1.98881e-05
1.99052e-05
1.99405e-05
2.12962e-05
2.03989e-05
9.41457e-06
3.75949e-06
2.83518e-06
2.54654e-06
2.70673e-06
3.6156e-06
4.10982e-06
4.27579e-06
4.2501e-06
4.4206e-06
5.10325e-06
5.95688e-06
6.39726e-06
6.74766e-06
1.04635e-05
1.30857e-05
1.50803e-05
1.68043e-05
1.81878e-05
1.93344e-05
2.02795e-05
2.10516e-05
2.16812e-05
2.21909e-05
2.2584e-05
2.28831e-05
2.31025e-05
2.32553e-05
2.33467e-05
2.33846e-05
2.34022e-05
2.33896e-05
2.33348e-05
2.3255e-05
2.3151e-05
2.30266e-05
2.28836e-05
2.27264e-05
2.2558e-05
2.23842e-05
2.22034e-05
2.20168e-05
2.18294e-05
2.16395e-05
2.14507e-05
2.12602e-05
2.10763e-05
2.08908e-05
2.07196e-05
2.05449e-05
2.03916e-05
2.02386e-05
2.01141e-05
1.99977e-05
1.9928e-05
1.98892e-05
1.99063e-05
1.99416e-05
2.12975e-05
2.04001e-05
9.41493e-06
3.75957e-06
2.8352e-06
2.54659e-06
2.70679e-06
3.6157e-06
4.10991e-06
4.27585e-06
4.25011e-06
4.4206e-06
5.10327e-06
5.95689e-06
6.39724e-06
8.29024e-06
1.21578e-05
1.4848e-05
1.68337e-05
1.85404e-05
1.98879e-05
2.09948e-05
2.18985e-05
2.26298e-05
2.32216e-05
2.37004e-05
2.40674e-05
2.43514e-05
2.45667e-05
2.47243e-05
2.4827e-05
2.48846e-05
2.49394e-05
2.49596e-05
2.49463e-05
2.49207e-05
2.48748e-05
2.48092e-05
2.47276e-05
2.46316e-05
2.45248e-05
2.44091e-05
2.42845e-05
2.41537e-05
2.402e-05
2.38815e-05
2.3742e-05
2.35985e-05
2.34598e-05
2.33178e-05
2.31864e-05
2.30516e-05
2.29316e-05
2.28167e-05
2.27177e-05
2.26363e-05
2.2585e-05
2.25601e-05
2.25973e-05
2.25772e-05
2.37796e-05
2.3016e-05
1.33693e-05
5.16512e-06
3.48205e-06
3.1174e-06
3.01981e-06
3.46632e-06
4.44182e-06
4.93409e-06
5.19013e-06
5.39274e-06
6.05769e-06
6.97948e-06
7.5724e-06
8.2899e-06
1.21574e-05
1.48477e-05
1.68334e-05
1.854e-05
1.98876e-05
2.09944e-05
2.18981e-05
2.26294e-05
2.32214e-05
2.37002e-05
2.40672e-05
2.43511e-05
2.45665e-05
2.47241e-05
2.48268e-05
2.48845e-05
2.49394e-05
2.49597e-05
2.49464e-05
2.49209e-05
2.48751e-05
2.48096e-05
2.47281e-05
2.46322e-05
2.45254e-05
2.44099e-05
2.42853e-05
2.41546e-05
2.40209e-05
2.38825e-05
2.37431e-05
2.35996e-05
2.3461e-05
2.3319e-05
2.31876e-05
2.30529e-05
2.29329e-05
2.2818e-05
2.2719e-05
2.26376e-05
2.25863e-05
2.25615e-05
2.25986e-05
2.25785e-05
2.37811e-05
2.30174e-05
1.33699e-05
5.16533e-06
3.48209e-06
3.11746e-06
3.01986e-06
3.4664e-06
4.44191e-06
4.93416e-06
5.19016e-06
5.39276e-06
6.05773e-06
6.97953e-06
7.57245e-06
9.78001e-06
1.36927e-05
1.63313e-05
1.82673e-05
1.99064e-05
2.11921e-05
2.22329e-05
2.30704e-05
2.37394e-05
2.42763e-05
2.47125e-05
2.50466e-05
2.53124e-05
2.55236e-05
2.56895e-05
2.5805e-05
2.59002e-05
2.60001e-05
2.60634e-05
2.61056e-05
2.61337e-05
2.61423e-05
2.61345e-05
2.61212e-05
2.60946e-05
2.60601e-05
2.60126e-05
2.59543e-05
2.58891e-05
2.58191e-05
2.57431e-05
2.56631e-05
2.55772e-05
2.54943e-05
2.54059e-05
2.53249e-05
2.52394e-05
2.51645e-05
2.50948e-05
2.50354e-05
2.49915e-05
2.49789e-05
2.49643e-05
2.50673e-05
2.49791e-05
2.60894e-05
2.53575e-05
1.74108e-05
8.1387e-06
4.21746e-06
3.63486e-06
3.51041e-06
3.53851e-06
4.49012e-06
5.30509e-06
5.90545e-06
6.33121e-06
6.99448e-06
7.97756e-06
8.72307e-06
9.77961e-06
1.36923e-05
1.6331e-05
1.8267e-05
1.99061e-05
2.11917e-05
2.22325e-05
2.30701e-05
2.37391e-05
2.4276e-05
2.47123e-05
2.50464e-05
2.53123e-05
2.55234e-05
2.56894e-05
2.58049e-05
2.59002e-05
2.60002e-05
2.60636e-05
2.61059e-05
2.61341e-05
2.61428e-05
2.61351e-05
2.61218e-05
2.60954e-05
2.60609e-05
2.60135e-05
2.59553e-05
2.58901e-05
2.58203e-05
2.57443e-05
2.56644e-05
2.55785e-05
2.54957e-05
2.54073e-05
2.53264e-05
2.52409e-05
2.5166e-05
2.50963e-05
2.5037e-05
2.4993e-05
2.49805e-05
2.49659e-05
2.5069e-05
2.49807e-05
2.60911e-05
2.53592e-05
1.74117e-05
8.13926e-06
4.21753e-06
3.6349e-06
3.51046e-06
3.53857e-06
4.4902e-06
5.30518e-06
5.90551e-06
6.33125e-06
6.99455e-06
7.97766e-06
8.7232e-06
1.11661e-05
1.50028e-05
1.75125e-05
1.9365e-05
2.09021e-05
2.20993e-05
2.30546e-05
2.38142e-05
2.44126e-05
2.48897e-05
2.5282e-05
2.51834e-05
2.5093e-05
2.50667e-05
2.51148e-05
2.52328e-05
2.5458e-05
2.57501e-05
2.60712e-05
2.64317e-05
2.68225e-05
2.70196e-05
2.70811e-05
2.71336e-05
2.71812e-05
2.72226e-05
2.72475e-05
2.72624e-05
2.7269e-05
2.72714e-05
2.72641e-05
2.72509e-05
2.723e-05
2.72107e-05
2.7183e-05
2.71603e-05
2.713e-05
2.71094e-05
2.70889e-05
2.70795e-05
2.70754e-05
2.71097e-05
2.71135e-05
2.72856e-05
2.71707e-05
2.82117e-05
2.75091e-05
2.11311e-05
1.20592e-05
5.43926e-06
4.23498e-06
4.00845e-06
3.95496e-06
4.31844e-06
5.5784e-06
6.26321e-06
7.08252e-06
7.85078e-06
8.91605e-06
9.81412e-06
1.11656e-05
1.50024e-05
1.75122e-05
1.93647e-05
2.09018e-05
2.2099e-05
2.30543e-05
2.38139e-05
2.44123e-05
2.48895e-05
2.52819e-05
2.51834e-05
2.5093e-05
2.50667e-05
2.5115e-05
2.52329e-05
2.54581e-05
2.57502e-05
2.60713e-05
2.64319e-05
2.68227e-05
2.70202e-05
2.70818e-05
2.71344e-05
2.71821e-05
2.72236e-05
2.72486e-05
2.72636e-05
2.72703e-05
2.72727e-05
2.72655e-05
2.72524e-05
2.72316e-05
2.72123e-05
2.71847e-05
2.71621e-05
2.71318e-05
2.71112e-05
2.70907e-05
2.70814e-05
2.70773e-05
2.71116e-05
2.71155e-05
2.72875e-05
2.71727e-05
2.82137e-05
2.75111e-05
2.11324e-05
1.20597e-05
5.43944e-06
4.23504e-06
4.00851e-06
3.95503e-06
4.31853e-06
5.57852e-06
6.2633e-06
7.0826e-06
7.85088e-06
8.91621e-06
9.81434e-06
1.24051e-05
1.60233e-05
1.83764e-05
2.01144e-05
2.15274e-05
2.2623e-05
2.34863e-05
2.41661e-05
2.41775e-05
2.39387e-05
2.3731e-05
2.35683e-05
2.35092e-05
2.35317e-05
2.3632e-05
2.38159e-05
2.41024e-05
2.44287e-05
2.47977e-05
2.52127e-05
2.56623e-05
2.61218e-05
2.65973e-05
2.70921e-05
2.75985e-05
2.80731e-05
2.81756e-05
2.8269e-05
2.83528e-05
2.84331e-05
2.84984e-05
2.85577e-05
2.86063e-05
2.86567e-05
2.86939e-05
2.87356e-05
2.87639e-05
2.88048e-05
2.8836e-05
2.88846e-05
2.89226e-05
2.90109e-05
2.90425e-05
2.92616e-05
2.91832e-05
3.01235e-05
2.95152e-05
2.43294e-05
1.62873e-05
8.05281e-06
4.99449e-06
4.57232e-06
4.53603e-06
4.55798e-06
5.24788e-06
6.5246e-06
7.43211e-06
8.546e-06
9.7286e-06
1.08025e-05
1.24045e-05
1.60229e-05
1.83761e-05
2.01141e-05
2.15271e-05
2.26227e-05
2.3486e-05
2.41658e-05
2.41773e-05
2.39386e-05
2.3731e-05
2.35683e-05
2.35092e-05
2.35318e-05
2.36322e-05
2.38159e-05
2.41025e-05
2.44289e-05
2.47979e-05
2.52129e-05
2.56625e-05
2.61221e-05
2.65977e-05
2.70925e-05
2.75989e-05
2.80743e-05
2.8177e-05
2.82704e-05
2.83543e-05
2.84347e-05
2.85001e-05
2.85595e-05
2.86082e-05
2.86586e-05
2.86959e-05
2.87376e-05
2.8766e-05
2.8807e-05
2.88381e-05
2.88867e-05
2.89248e-05
2.90131e-05
2.90448e-05
2.92638e-05
2.91855e-05
3.01256e-05
2.95176e-05
2.4331e-05
1.62881e-05
8.05327e-06
4.99459e-06
4.57239e-06
4.53609e-06
4.55806e-06
5.24797e-06
6.5247e-06
7.43224e-06
8.54616e-06
9.72884e-06
1.08029e-05
1.34175e-05
1.67348e-05
1.89012e-05
2.05032e-05
2.17886e-05
2.27819e-05
2.28151e-05
2.25658e-05
2.23009e-05
2.21003e-05
2.19671e-05
2.19521e-05
2.20124e-05
2.21326e-05
2.23102e-05
2.2562e-05
2.28593e-05
2.31805e-05
2.35384e-05
2.3933e-05
2.43549e-05
2.48226e-05
2.53412e-05
2.58936e-05
2.64701e-05
2.70579e-05
2.76231e-05
2.81947e-05
2.87582e-05
2.93323e-05
2.95044e-05
2.96406e-05
2.9763e-05
2.98874e-05
2.99925e-05
3.01022e-05
3.01923e-05
3.02996e-05
3.03852e-05
3.0496e-05
3.05807e-05
3.07255e-05
3.07962e-05
3.10495e-05
3.10372e-05
3.1899e-05
3.13723e-05
2.70834e-05
2.04224e-05
1.2071e-05
6.24208e-06
5.25743e-06
5.08939e-06
5.13864e-06
5.32382e-06
6.24114e-06
7.61223e-06
8.86076e-06
1.03598e-05
1.16177e-05
1.34168e-05
1.67344e-05
1.89009e-05
2.0503e-05
2.17883e-05
2.27816e-05
2.28147e-05
2.25655e-05
2.23007e-05
2.21002e-05
2.19671e-05
2.19521e-05
2.20124e-05
2.21326e-05
2.23103e-05
2.25621e-05
2.28594e-05
2.31807e-05
2.35387e-05
2.39332e-05
2.43552e-05
2.48229e-05
2.53415e-05
2.5894e-05
2.64705e-05
2.70584e-05
2.76237e-05
2.81953e-05
2.8759e-05
2.93331e-05
2.95064e-05
2.96427e-05
2.97651e-05
2.98897e-05
2.99948e-05
3.01045e-05
3.01947e-05
3.0302e-05
3.03877e-05
3.04985e-05
3.05832e-05
3.0728e-05
3.07988e-05
3.1052e-05
3.10398e-05
3.19015e-05
3.1375e-05
2.70853e-05
2.04236e-05
1.20715e-05
6.24229e-06
5.25752e-06
5.08945e-06
5.13871e-06
5.32392e-06
6.24123e-06
7.61237e-06
8.86098e-06
1.03601e-05
1.16182e-05
1.41183e-05
1.70853e-05
1.90497e-05
2.0526e-05
2.11224e-05
2.09541e-05
2.07639e-05
2.05989e-05
2.05323e-05
2.05453e-05
2.06073e-05
2.07349e-05
2.09067e-05
2.11195e-05
2.13749e-05
2.16729e-05
2.19757e-05
2.22997e-05
2.26497e-05
2.30263e-05
2.34268e-05
2.38624e-05
2.43354e-05
2.48372e-05
2.53659e-05
2.5909e-05
2.65056e-05
2.71306e-05
2.77704e-05
2.84174e-05
2.90356e-05
2.96475e-05
3.02441e-05
3.08478e-05
3.11262e-05
3.13098e-05
3.14669e-05
3.16456e-05
3.1789e-05
3.19654e-05
3.2102e-05
3.23046e-05
3.24251e-05
3.2708e-05
3.27694e-05
3.35644e-05
3.30845e-05
2.95254e-05
2.41106e-05
1.64113e-05
8.99139e-06
6.09145e-06
5.73763e-06
5.78496e-06
5.86296e-06
6.2072e-06
7.23328e-06
8.89283e-06
1.06019e-05
1.21987e-05
1.41174e-05
1.70847e-05
1.90493e-05
2.05257e-05
2.11218e-05
2.09536e-05
2.07635e-05
2.05986e-05
2.05321e-05
2.05452e-05
2.06074e-05
2.07349e-05
2.09067e-05
2.11196e-05
2.13749e-05
2.1673e-05
2.19758e-05
2.22999e-05
2.265e-05
2.30266e-05
2.34271e-05
2.38628e-05
2.43358e-05
2.48377e-05
2.53664e-05
2.59095e-05
2.65062e-05
2.71312e-05
2.77711e-05
2.84182e-05
2.90366e-05
2.96486e-05
3.02453e-05
3.08491e-05
3.11288e-05
3.13126e-05
3.14697e-05
3.16484e-05
3.17918e-05
3.19683e-05
3.21049e-05
3.23075e-05
3.24281e-05
3.27109e-05
3.27724e-05
3.35671e-05
3.30875e-05
2.95276e-05
2.41123e-05
1.6412e-05
8.9919e-06
6.0916e-06
5.73771e-06
5.78503e-06
5.86305e-06
6.2073e-06
7.23342e-06
8.89307e-06
1.06023e-05
1.21995e-05
1.43781e-05
1.69941e-05
1.88181e-05
1.88927e-05
1.89098e-05
1.88667e-05
1.89525e-05
1.90825e-05
1.92409e-05
1.94311e-05
1.9666e-05
1.99142e-05
2.01637e-05
2.04295e-05
2.0729e-05
2.10291e-05
2.13408e-05
2.16753e-05
2.20333e-05
2.24149e-05
2.28207e-05
2.32518e-05
2.37061e-05
2.41804e-05
2.46768e-05
2.5188e-05
2.57377e-05
2.63106e-05
2.69079e-05
2.75077e-05
2.81558e-05
2.8828e-05
2.95094e-05
3.02012e-05
3.08544e-05
3.1528e-05
3.21386e-05
3.28756e-05
3.30864e-05
3.33369e-05
3.35311e-05
3.37945e-05
3.39722e-05
3.4289e-05
3.44209e-05
3.52015e-05
3.46872e-05
3.17434e-05
2.72801e-05
2.07679e-05
1.30751e-05
7.52647e-06
6.46068e-06
6.30347e-06
6.49756e-06
6.63565e-06
7.07874e-06
8.34321e-06
1.00187e-05
1.23816e-05
1.43767e-05
1.69934e-05
1.88177e-05
1.8892e-05
1.89092e-05
1.88662e-05
1.89521e-05
1.90823e-05
1.92408e-05
1.9431e-05
1.9666e-05
1.99142e-05
2.01638e-05
2.04295e-05
2.0729e-05
2.10292e-05
2.1341e-05
2.16756e-05
2.20336e-05
2.24153e-05
2.28211e-05
2.32523e-05
2.37066e-05
2.4181e-05
2.46775e-05
2.51887e-05
2.57384e-05
2.63114e-05
2.69087e-05
2.75086e-05
2.81568e-05
2.8829e-05
2.95105e-05
3.02024e-05
3.08558e-05
3.15295e-05
3.21403e-05
3.28777e-05
3.30897e-05
3.33402e-05
3.35344e-05
3.37979e-05
3.39756e-05
3.42923e-05
3.44242e-05
3.52045e-05
3.46905e-05
3.17461e-05
2.7282e-05
2.07691e-05
1.30756e-05
7.52676e-06
6.46079e-06
6.30355e-06
6.49763e-06
6.63575e-06
7.07888e-06
8.34343e-06
1.00192e-05
1.23826e-05
1.40627e-05
1.57205e-05
1.65222e-05
1.67067e-05
1.69955e-05
1.7331e-05
1.76989e-05
1.80257e-05
1.83632e-05
1.86963e-05
1.90101e-05
1.93037e-05
1.9591e-05
1.98977e-05
2.01996e-05
2.05105e-05
2.08429e-05
2.12018e-05
2.15868e-05
2.19973e-05
2.24331e-05
2.2891e-05
2.3366e-05
2.3856e-05
2.43615e-05
2.48807e-05
2.54169e-05
2.59639e-05
2.65285e-05
2.7099e-05
2.77024e-05
2.83281e-05
2.89733e-05
2.96318e-05
3.03156e-05
3.10682e-05
3.1784e-05
3.26455e-05
3.33314e-05
3.43844e-05
3.49266e-05
3.52649e-05
3.55015e-05
3.5859e-05
3.6043e-05
3.68639e-05
3.62898e-05
3.36549e-05
3.00564e-05
2.47484e-05
1.75968e-05
1.09719e-05
7.45211e-06
6.97286e-06
7.01193e-06
7.28008e-06
7.44454e-06
8.04459e-06
9.1644e-06
1.21141e-05
1.40607e-05
1.57196e-05
1.65214e-05
1.6706e-05
1.6995e-05
1.73306e-05
1.76986e-05
1.80255e-05
1.83631e-05
1.86963e-05
1.90101e-05
1.93037e-05
1.9591e-05
1.98978e-05
2.01998e-05
2.05106e-05
2.08431e-05
2.12021e-05
2.15872e-05
2.19978e-05
2.24336e-05
2.28916e-05
2.33666e-05
2.38567e-05
2.43622e-05
2.48816e-05
2.54179e-05
2.59649e-05
2.65296e-05
2.71002e-05
2.77036e-05
2.83294e-05
2.89747e-05
2.96333e-05
3.0317e-05
3.10697e-05
3.17856e-05
3.26472e-05
3.33335e-05
3.43866e-05
3.49304e-05
3.52686e-05
3.55053e-05
3.58626e-05
3.60464e-05
3.68673e-05
3.62931e-05
3.36581e-05
3.00588e-05
2.47501e-05
1.75976e-05
1.09726e-05
7.45232e-06
6.97297e-06
7.01202e-06
7.28019e-06
7.44466e-06
8.04475e-06
9.16482e-06
1.2115e-05
1.36357e-05
1.3766e-05
1.45282e-05
1.51752e-05
1.57925e-05
1.63804e-05
1.68844e-05
1.73571e-05
1.77852e-05
1.81637e-05
1.85016e-05
1.88141e-05
1.9137e-05
1.94454e-05
1.97634e-05
2.01038e-05
2.04722e-05
2.08718e-05
2.13016e-05
2.17599e-05
2.22449e-05
2.2752e-05
2.32752e-05
2.38118e-05
2.43593e-05
2.49179e-05
2.54818e-05
2.60483e-05
2.66205e-05
2.71989e-05
2.77883e-05
2.8388e-05
2.9001e-05
2.96329e-05
3.02836e-05
3.10021e-05
3.17051e-05
3.25553e-05
3.33189e-05
3.45334e-05
3.54324e-05
3.67592e-05
3.70558e-05
3.7458e-05
3.76743e-05
3.85474e-05
3.79501e-05
3.53751e-05
3.24719e-05
2.81862e-05
2.21594e-05
1.49571e-05
9.57917e-06
7.81846e-06
7.67025e-06
7.86511e-06
8.11843e-06
8.3853e-06
8.76875e-06
1.15856e-05
1.36334e-05
1.37652e-05
1.45275e-05
1.51747e-05
1.57921e-05
1.63801e-05
1.68842e-05
1.73571e-05
1.77853e-05
1.81637e-05
1.85017e-05
1.88142e-05
1.91372e-05
1.94457e-05
1.9764e-05
2.01042e-05
2.04726e-05
2.08722e-05
2.1302e-05
2.17605e-05
2.22455e-05
2.27527e-05
2.3276e-05
2.38127e-05
2.43602e-05
2.49189e-05
2.5483e-05
2.60495e-05
2.66218e-05
2.72003e-05
2.77898e-05
2.83897e-05
2.90026e-05
2.96347e-05
3.02854e-05
3.1004e-05
3.17071e-05
3.25575e-05
3.33211e-05
3.45356e-05
3.54349e-05
3.67633e-05
3.70598e-05
3.74618e-05
3.76782e-05
3.85513e-05
3.79538e-05
3.53785e-05
3.24747e-05
2.81882e-05
2.21607e-05
1.49576e-05
9.57961e-06
7.81866e-06
7.67037e-06
7.86524e-06
8.11855e-06
8.38543e-06
8.76906e-06
1.15862e-05
1.20763e-05
1.25994e-05
1.35405e-05
1.44616e-05
1.52241e-05
1.58656e-05
1.64553e-05
1.69676e-05
1.7407e-05
1.77905e-05
1.81372e-05
1.84801e-05
1.8802e-05
1.91306e-05
1.9483e-05
1.9868e-05
2.02893e-05
2.07477e-05
2.12403e-05
2.17637e-05
2.23131e-05
2.2884e-05
2.34705e-05
2.40694e-05
2.46763e-05
2.5291e-05
2.59059e-05
2.65197e-05
2.71308e-05
2.77448e-05
2.83567e-05
2.89702e-05
2.95855e-05
3.0221e-05
3.08614e-05
3.15587e-05
3.22437e-05
3.30859e-05
3.38482e-05
3.5068e-05
3.59899e-05
3.80002e-05
3.86575e-05
3.91114e-05
3.93542e-05
4.02513e-05
3.97022e-05
3.70476e-05
3.4533e-05
3.11529e-05
2.63036e-05
1.9668e-05
1.34118e-05
9.32269e-06
8.46938e-06
8.51367e-06
8.76692e-06
9.14759e-06
9.07994e-06
1.0501e-05
1.20756e-05
1.25989e-05
1.354e-05
1.44612e-05
1.52238e-05
1.58654e-05
1.64553e-05
1.69676e-05
1.74071e-05
1.77906e-05
1.81372e-05
1.84801e-05
1.88021e-05
1.91309e-05
1.94835e-05
1.98689e-05
2.02906e-05
2.07493e-05
2.12422e-05
2.17647e-05
2.23139e-05
2.28849e-05
2.34714e-05
2.40704e-05
2.46774e-05
2.52923e-05
2.59072e-05
2.65211e-05
2.71323e-05
2.77465e-05
2.83585e-05
2.89722e-05
2.95876e-05
3.02232e-05
3.08636e-05
3.15611e-05
3.22461e-05
3.30884e-05
3.38509e-05
3.50707e-05
3.59925e-05
3.80028e-05
3.8662e-05
3.91158e-05
3.93586e-05
4.02558e-05
3.97064e-05
3.70511e-05
3.45363e-05
3.11554e-05
2.63053e-05
1.96689e-05
1.34122e-05
9.32306e-06
8.46957e-06
8.51379e-06
8.76702e-06
9.14771e-06
9.08018e-06
1.05013e-05
1.1636e-05
1.25753e-05
1.34825e-05
1.44171e-05
1.51184e-05
1.57403e-05
1.63195e-05
1.68016e-05
1.7225e-05
1.76106e-05
1.79761e-05
1.83224e-05
1.86738e-05
1.90507e-05
1.94612e-05
1.99122e-05
2.04042e-05
2.09361e-05
2.15032e-05
2.21011e-05
2.27245e-05
2.33682e-05
2.40259e-05
2.46932e-05
2.53656e-05
2.60412e-05
2.67136e-05
2.73822e-05
2.80438e-05
2.87047e-05
2.93572e-05
3.00077e-05
3.06521e-05
3.13144e-05
3.19734e-05
3.2683e-05
3.33781e-05
3.42312e-05
3.50115e-05
3.62472e-05
3.71804e-05
3.92533e-05
4.03527e-05
4.08446e-05
4.1109e-05
4.20087e-05
4.15563e-05
3.88084e-05
3.6364e-05
3.36575e-05
2.98582e-05
2.43327e-05
1.77811e-05
1.28235e-05
9.65321e-06
9.33426e-06
9.40527e-06
9.91027e-06
9.88739e-06
1.04507e-05
1.16362e-05
1.25754e-05
1.34824e-05
1.4417e-05
1.51183e-05
1.57403e-05
1.63196e-05
1.68017e-05
1.72251e-05
1.76106e-05
1.79761e-05
1.83224e-05
1.86738e-05
1.90509e-05
1.94615e-05
1.99128e-05
2.04051e-05
2.09374e-05
2.15048e-05
2.21028e-05
2.27263e-05
2.337e-05
2.40279e-05
2.46954e-05
2.53675e-05
2.60432e-05
2.67155e-05
2.73841e-05
2.80458e-05
2.87067e-05
2.93592e-05
3.00098e-05
3.06544e-05
3.13167e-05
3.19758e-05
3.26854e-05
3.33805e-05
3.42337e-05
3.50141e-05
3.62502e-05
3.71837e-05
3.92558e-05
4.03578e-05
4.08496e-05
4.11139e-05
4.20137e-05
4.1561e-05
3.88123e-05
3.63677e-05
3.36605e-05
2.98603e-05
2.43342e-05
1.77818e-05
1.28238e-05
9.65353e-06
9.33444e-06
9.40539e-06
9.91036e-06
9.88757e-06
1.0451e-05
1.22706e-05
1.33865e-05
1.40143e-05
1.47564e-05
1.53709e-05
1.59274e-05
1.64391e-05
1.68685e-05
1.72921e-05
1.76747e-05
1.80513e-05
1.84403e-05
1.8856e-05
1.931e-05
1.98065e-05
2.03475e-05
2.09299e-05
2.15509e-05
2.22038e-05
2.28835e-05
2.35831e-05
2.4298e-05
2.50222e-05
2.57507e-05
2.64808e-05
2.72108e-05
2.79347e-05
2.86525e-05
2.93612e-05
3.00657e-05
3.07587e-05
3.14494e-05
3.21313e-05
3.28299e-05
3.35219e-05
3.42645e-05
3.49959e-05
3.58805e-05
3.6723e-05
3.79901e-05
3.8999e-05
4.12347e-05
4.21578e-05
4.2668e-05
4.29462e-05
4.38413e-05
4.34968e-05
4.07334e-05
3.81457e-05
3.5769e-05
3.28169e-05
2.84773e-05
2.2671e-05
1.66644e-05
1.23387e-05
1.04135e-05
1.0256e-05
1.06448e-05
1.06577e-05
1.12822e-05
1.22718e-05
1.33872e-05
1.40146e-05
1.47566e-05
1.53709e-05
1.59273e-05
1.64391e-05
1.68684e-05
1.7292e-05
1.76747e-05
1.80512e-05
1.84402e-05
1.88559e-05
1.931e-05
1.98066e-05
2.03479e-05
2.09306e-05
2.15519e-05
2.22051e-05
2.28851e-05
2.35848e-05
2.42998e-05
2.50241e-05
2.57528e-05
2.6483e-05
2.72131e-05
2.79371e-05
2.8655e-05
2.93637e-05
3.00681e-05
3.07611e-05
3.14517e-05
3.21338e-05
3.28323e-05
3.35244e-05
3.4267e-05
3.49985e-05
3.58833e-05
3.67259e-05
3.79937e-05
3.90024e-05
4.12378e-05
4.21634e-05
4.26735e-05
4.29516e-05
4.38469e-05
4.3502e-05
4.07377e-05
3.81499e-05
3.57725e-05
3.28197e-05
2.84793e-05
2.26722e-05
1.6665e-05
1.23393e-05
1.04138e-05
1.02561e-05
1.06449e-05
1.0658e-05
1.12827e-05
1.31737e-05
1.44317e-05
1.4766e-05
1.53732e-05
1.59017e-05
1.63546e-05
1.6794e-05
1.72139e-05
1.76164e-05
1.80299e-05
1.84696e-05
1.8947e-05
1.94667e-05
2.00296e-05
2.06361e-05
2.1284e-05
2.19668e-05
2.26807e-05
2.34177e-05
2.41749e-05
2.49436e-05
2.57215e-05
2.65004e-05
2.72775e-05
2.80523e-05
2.88219e-05
2.95825e-05
3.03348e-05
3.10764e-05
3.18119e-05
3.25355e-05
3.32593e-05
3.39744e-05
3.47067e-05
3.54343e-05
3.62201e-05
3.70008e-05
3.79326e-05
3.88689e-05
4.016e-05
4.13574e-05
4.36494e-05
4.40569e-05
4.45758e-05
4.48641e-05
4.57586e-05
4.54929e-05
4.27654e-05
4.01242e-05
3.7702e-05
3.52558e-05
3.19589e-05
2.72724e-05
2.14673e-05
1.62394e-05
1.26572e-05
1.12637e-05
1.16286e-05
1.13194e-05
1.22286e-05
1.31755e-05
1.44332e-05
1.47667e-05
1.53735e-05
1.59017e-05
1.63543e-05
1.67936e-05
1.72135e-05
1.7616e-05
1.80295e-05
1.84693e-05
1.89467e-05
1.94664e-05
2.00294e-05
2.06362e-05
2.12843e-05
2.19674e-05
2.26817e-05
2.34189e-05
2.41764e-05
2.49453e-05
2.57233e-05
2.65024e-05
2.72797e-05
2.80546e-05
2.88243e-05
2.9585e-05
3.03373e-05
3.1079e-05
3.18145e-05
3.25381e-05
3.32618e-05
3.3977e-05
3.47094e-05
3.54371e-05
3.62229e-05
3.70038e-05
3.79357e-05
3.88723e-05
4.0164e-05
4.13607e-05
4.36553e-05
4.4063e-05
4.45818e-05
4.487e-05
4.57646e-05
4.54986e-05
4.27703e-05
4.01283e-05
3.77061e-05
3.52591e-05
3.19613e-05
2.72741e-05
2.14683e-05
1.62399e-05
1.26577e-05
1.12641e-05
1.16287e-05
1.13196e-05
1.22293e-05
1.40538e-05
1.55456e-05
1.5752e-05
1.61644e-05
1.65931e-05
1.7004e-05
1.74044e-05
1.78401e-05
1.8309e-05
1.88222e-05
1.93853e-05
1.99972e-05
2.06511e-05
2.13391e-05
2.20591e-05
2.28066e-05
2.35754e-05
2.43632e-05
2.51618e-05
2.59728e-05
2.67855e-05
2.76041e-05
2.84154e-05
2.92208e-05
3.00208e-05
3.08128e-05
3.1594e-05
3.23651e-05
3.31251e-05
3.38788e-05
3.46226e-05
3.53671e-05
3.61074e-05
3.68678e-05
3.76291e-05
3.846e-05
3.92889e-05
4.02852e-05
4.13136e-05
4.26546e-05
4.41651e-05
4.56297e-05
4.60274e-05
4.65586e-05
4.68598e-05
4.77673e-05
4.7538e-05
4.48875e-05
4.22623e-05
3.96983e-05
3.7385e-05
3.47986e-05
3.12231e-05
2.63625e-05
2.07001e-05
1.63531e-05
1.28831e-05
1.24416e-05
1.22746e-05
1.30368e-05
1.40565e-05
1.55474e-05
1.57526e-05
1.61643e-05
1.65926e-05
1.70032e-05
1.74035e-05
1.78393e-05
1.83082e-05
1.88215e-05
1.93847e-05
1.99967e-05
2.06507e-05
2.13389e-05
2.20592e-05
2.28071e-05
2.35761e-05
2.43643e-05
2.51632e-05
2.59744e-05
2.67874e-05
2.76061e-05
2.84177e-05
2.92232e-05
3.00233e-05
3.08154e-05
3.15967e-05
3.23678e-05
3.31279e-05
3.38816e-05
3.46254e-05
3.53699e-05
3.61102e-05
3.68708e-05
3.76322e-05
3.84632e-05
3.92923e-05
4.02886e-05
4.13173e-05
4.26586e-05
4.41684e-05
4.56363e-05
4.60341e-05
4.65653e-05
4.68663e-05
4.77738e-05
4.75444e-05
4.4893e-05
4.22669e-05
3.97028e-05
3.7389e-05
3.48018e-05
3.12255e-05
2.63641e-05
2.0701e-05
1.63538e-05
1.28836e-05
1.2442e-05
1.22747e-05
1.30388e-05
1.49939e-05
1.6293e-05
1.67458e-05
1.70683e-05
1.74889e-05
1.79259e-05
1.84161e-05
1.89785e-05
1.9606e-05
2.02842e-05
2.10106e-05
2.17705e-05
2.25469e-05
2.3331e-05
2.41252e-05
2.4927e-05
2.57353e-05
2.65506e-05
2.73669e-05
2.81912e-05
2.90103e-05
2.98313e-05
3.06489e-05
3.14603e-05
3.22632e-05
3.30582e-05
3.38436e-05
3.46196e-05
3.53863e-05
3.6149e-05
3.69054e-05
3.76648e-05
3.84247e-05
3.9211e-05
4.00049e-05
4.08746e-05
4.17524e-05
4.28303e-05
4.39231e-05
4.54123e-05
4.70846e-05
4.76681e-05
4.80693e-05
4.86186e-05
4.89343e-05
4.98615e-05
4.96467e-05
4.70848e-05
4.44964e-05
4.19337e-05
3.9466e-05
3.71669e-05
3.44276e-05
3.06881e-05
2.56789e-05
2.07144e-05
1.65385e-05
1.42197e-05
1.34517e-05
1.38189e-05
1.49964e-05
1.62914e-05
1.67458e-05
1.70674e-05
1.74877e-05
1.79245e-05
1.84147e-05
1.89771e-05
1.96048e-05
2.02832e-05
2.10099e-05
2.17701e-05
2.25468e-05
2.33311e-05
2.41256e-05
2.49278e-05
2.57364e-05
2.6552e-05
2.73686e-05
2.81932e-05
2.90125e-05
2.98337e-05
3.06515e-05
3.1463e-05
3.2266e-05
3.30611e-05
3.38465e-05
3.46225e-05
3.53893e-05
3.6152e-05
3.69085e-05
3.7668e-05
3.84279e-05
3.92143e-05
4.00083e-05
4.08781e-05
4.1756e-05
4.28339e-05
4.39271e-05
4.54157e-05
4.70915e-05
4.76754e-05
4.80766e-05
4.86258e-05
4.89413e-05
4.98684e-05
4.96535e-05
4.70908e-05
4.45015e-05
4.19381e-05
3.94706e-05
3.71706e-05
3.44304e-05
3.06903e-05
2.56803e-05
2.07153e-05
1.65392e-05
1.42201e-05
1.34515e-05
1.38175e-05
1.54301e-05
1.6605e-05
1.77411e-05
1.82608e-05
1.88366e-05
1.94869e-05
2.02111e-05
2.10032e-05
2.18318e-05
2.26685e-05
2.3518e-05
2.43606e-05
2.51788e-05
2.59726e-05
2.67583e-05
2.75372e-05
2.83167e-05
2.90981e-05
2.98793e-05
3.06688e-05
3.146e-05
3.22527e-05
3.30458e-05
3.38374e-05
3.46255e-05
3.541e-05
3.61878e-05
3.69602e-05
3.77275e-05
3.84946e-05
3.92609e-05
4.00344e-05
4.08144e-05
4.16266e-05
4.24558e-05
4.33699e-05
4.42977e-05
4.54526e-05
4.66101e-05
4.83065e-05
4.92304e-05
4.9783e-05
5.01961e-05
5.07651e-05
5.10969e-05
5.20505e-05
5.18379e-05
4.93502e-05
4.6816e-05
4.42958e-05
4.17772e-05
3.94153e-05
3.70523e-05
3.42625e-05
3.02766e-05
2.56445e-05
2.07219e-05
1.74082e-05
1.50625e-05
1.4548e-05
1.54286e-05
1.66041e-05
1.7741e-05
1.82592e-05
1.88348e-05
1.9485e-05
2.02093e-05
2.10016e-05
2.18305e-05
2.26676e-05
2.35176e-05
2.43606e-05
2.51792e-05
2.59734e-05
2.67594e-05
2.75385e-05
2.83183e-05
2.91001e-05
2.98814e-05
3.06712e-05
3.14626e-05
3.22555e-05
3.30488e-05
3.38404e-05
3.46287e-05
3.54131e-05
3.6191e-05
3.69634e-05
3.77307e-05
3.84978e-05
3.92642e-05
4.00377e-05
4.08178e-05
4.163e-05
4.24594e-05
4.33735e-05
4.43015e-05
4.54564e-05
4.66141e-05
4.83099e-05
4.9238e-05
4.97908e-05
5.02038e-05
5.07727e-05
5.11044e-05
5.20578e-05
5.18452e-05
4.93568e-05
4.68218e-05
4.43008e-05
4.17823e-05
3.94197e-05
3.70556e-05
3.42652e-05
3.02787e-05
2.56459e-05
2.07229e-05
1.74085e-05
1.50637e-05
1.45476e-05
1.65939e-05
1.77866e-05
1.89767e-05
2.01742e-05
2.1182e-05
2.21662e-05
2.31629e-05
2.41579e-05
2.51124e-05
2.60153e-05
2.68417e-05
2.76194e-05
2.83541e-05
2.90499e-05
2.97369e-05
3.04174e-05
3.11054e-05
3.18046e-05
3.25144e-05
3.32365e-05
3.39707e-05
3.47144e-05
3.54658e-05
3.6223e-05
3.6984e-05
3.77485e-05
3.85144e-05
3.92809e-05
4.00476e-05
4.08193e-05
4.15967e-05
4.23876e-05
4.31921e-05
4.40339e-05
4.49051e-05
4.58651e-05
4.68595e-05
4.8073e-05
4.93267e-05
5.09031e-05
5.14453e-05
5.20009e-05
5.2428e-05
5.30161e-05
5.33654e-05
5.43496e-05
5.41332e-05
5.16942e-05
4.92214e-05
4.67464e-05
4.42633e-05
4.18316e-05
3.94447e-05
3.72139e-05
3.40893e-05
3.03683e-05
2.55454e-05
2.1572e-05
1.84744e-05
1.58358e-05
1.65934e-05
1.77864e-05
1.89775e-05
2.0176e-05
2.11804e-05
2.21648e-05
2.31618e-05
2.41573e-05
2.51122e-05
2.60157e-05
2.68423e-05
2.76205e-05
2.83554e-05
2.90515e-05
2.97388e-05
3.04195e-05
3.11076e-05
3.1807e-05
3.25169e-05
3.32392e-05
3.39736e-05
3.47174e-05
3.5469e-05
3.62262e-05
3.69874e-05
3.77518e-05
3.85178e-05
3.92843e-05
4.00509e-05
4.08226e-05
4.16001e-05
4.2391e-05
4.31955e-05
4.40374e-05
4.49086e-05
4.58687e-05
4.68633e-05
4.80769e-05
4.93303e-05
5.0911e-05
5.14537e-05
5.20092e-05
5.24362e-05
5.30242e-05
5.33733e-05
5.43573e-05
5.41408e-05
5.17013e-05
4.92277e-05
4.67518e-05
4.42689e-05
4.18367e-05
3.94484e-05
3.7217e-05
3.40919e-05
3.03703e-05
2.5547e-05
2.15723e-05
1.84758e-05
1.58359e-05
1.90819e-05
2.0281e-05
2.148e-05
2.26838e-05
2.38904e-05
2.50882e-05
2.6291e-05
2.74938e-05
2.86983e-05
2.98728e-05
3.05824e-05
3.11705e-05
3.17272e-05
3.22594e-05
3.2794e-05
3.33427e-05
3.3912e-05
3.45058e-05
3.5125e-05
3.57681e-05
3.64344e-05
3.7121e-05
3.7825e-05
3.85439e-05
3.92751e-05
4.00174e-05
4.0769e-05
4.15292e-05
4.22977e-05
4.30781e-05
4.38705e-05
4.46836e-05
4.55194e-05
4.63973e-05
4.73179e-05
4.83268e-05
4.93996e-05
5.06625e-05
5.20346e-05
5.32403e-05
5.37795e-05
5.43485e-05
5.47905e-05
5.53979e-05
5.57653e-05
5.67848e-05
5.65571e-05
5.4142e-05
5.17108e-05
4.92916e-05
4.6856e-05
4.44684e-05
4.19369e-05
3.9833e-05
3.72475e-05
3.44449e-05
3.05025e-05
2.60869e-05
2.28801e-05
1.84643e-05
1.90819e-05
2.02822e-05
2.14821e-05
2.26865e-05
2.38938e-05
2.50922e-05
2.62954e-05
2.74986e-05
2.87036e-05
2.98785e-05
3.05843e-05
3.11727e-05
3.17294e-05
3.22618e-05
3.27965e-05
3.33452e-05
3.39147e-05
3.45085e-05
3.51278e-05
3.5771e-05
3.64374e-05
3.71241e-05
3.78282e-05
3.85472e-05
3.92785e-05
4.00209e-05
4.07725e-05
4.15327e-05
4.23012e-05
4.30814e-05
4.38739e-05
4.46869e-05
4.55228e-05
4.64008e-05
4.73213e-05
4.83303e-05
4.94031e-05
5.06663e-05
5.2038e-05
5.32485e-05
5.37881e-05
5.4357e-05
5.47989e-05
5.54062e-05
5.57734e-05
5.67928e-05
5.6565e-05
5.41494e-05
5.17176e-05
4.92977e-05
4.68615e-05
4.44739e-05
4.19414e-05
3.98367e-05
3.72508e-05
3.44472e-05
3.0505e-05
2.60877e-05
2.28812e-05
1.84649e-05
2.2793e-05
2.39179e-05
2.505e-05
2.6185e-05
2.73214e-05
2.84579e-05
2.96011e-05
3.07436e-05
3.18915e-05
3.30301e-05
3.41509e-05
3.47015e-05
3.50489e-05
3.54005e-05
3.57767e-05
3.61868e-05
3.6635e-05
3.71231e-05
3.76507e-05
3.82155e-05
3.88151e-05
3.94459e-05
4.01042e-05
4.07867e-05
4.14902e-05
4.2213e-05
4.29528e-05
4.37089e-05
4.44809e-05
4.52724e-05
4.60847e-05
4.69258e-05
4.77984e-05
4.87211e-05
4.96969e-05
5.07639e-05
5.19156e-05
5.32337e-05
5.47141e-05
5.57208e-05
5.62723e-05
5.68577e-05
5.73161e-05
5.79435e-05
5.83292e-05
5.93899e-05
5.91428e-05
5.67264e-05
5.43054e-05
5.19406e-05
4.95414e-05
4.72152e-05
4.46989e-05
4.24773e-05
4.00874e-05
3.77687e-05
3.48465e-05
3.08449e-05
2.74538e-05
2.22275e-05
2.27936e-05
2.39206e-05
2.50535e-05
2.61891e-05
2.73259e-05
2.84629e-05
2.96064e-05
3.07493e-05
3.18977e-05
3.30368e-05
3.4158e-05
3.47041e-05
3.50515e-05
3.54031e-05
3.57794e-05
3.61896e-05
3.66378e-05
3.71259e-05
3.76536e-05
3.82185e-05
3.88181e-05
3.9449e-05
4.01074e-05
4.07899e-05
4.14935e-05
4.22163e-05
4.29561e-05
4.37122e-05
4.44843e-05
4.52757e-05
4.6088e-05
4.69291e-05
4.78016e-05
4.87243e-05
4.97001e-05
5.07671e-05
5.19188e-05
5.32371e-05
5.47172e-05
5.57291e-05
5.62809e-05
5.68662e-05
5.73246e-05
5.79518e-05
5.83373e-05
5.93978e-05
5.91508e-05
5.67342e-05
5.43127e-05
5.19472e-05
4.95471e-05
4.72206e-05
4.47039e-05
4.24815e-05
4.00914e-05
3.77716e-05
3.48492e-05
3.08467e-05
2.74551e-05
2.22284e-05
2.71368e-05
2.81132e-05
2.91297e-05
3.01482e-05
3.11758e-05
3.22125e-05
3.3255e-05
3.42982e-05
3.53534e-05
3.6407e-05
3.74543e-05
3.81278e-05
3.8257e-05
3.8429e-05
3.86551e-05
3.89332e-05
3.92667e-05
3.96559e-05
4.00983e-05
4.05906e-05
4.11287e-05
4.17085e-05
4.23255e-05
4.29756e-05
4.36553e-05
4.43621e-05
4.5094e-05
4.58499e-05
4.66294e-05
4.74361e-05
4.82717e-05
4.91448e-05
5.00569e-05
5.10303e-05
5.20682e-05
5.32053e-05
5.44319e-05
5.58243e-05
5.74013e-05
5.83812e-05
5.89575e-05
5.95615e-05
6.004e-05
6.069e-05
6.10941e-05
6.22022e-05
6.1929e-05
5.94853e-05
5.70446e-05
5.4706e-05
5.23269e-05
5.00522e-05
4.76042e-05
4.53531e-05
4.30041e-05
4.06275e-05
3.85072e-05
3.52959e-05
3.19611e-05
2.66975e-05
2.71382e-05
2.81177e-05
2.9135e-05
3.0154e-05
3.11821e-05
3.2219e-05
3.32618e-05
3.43053e-05
3.5361e-05
3.6415e-05
3.74628e-05
3.81301e-05
3.82595e-05
3.84317e-05
3.86579e-05
3.89361e-05
3.92696e-05
3.96589e-05
4.01013e-05
4.05935e-05
4.11317e-05
4.17115e-05
4.23285e-05
4.29786e-05
4.36583e-05
4.43652e-05
4.50971e-05
4.58529e-05
4.66324e-05
4.74391e-05
4.82747e-05
4.91477e-05
5.00598e-05
5.10331e-05
5.2071e-05
5.3208e-05
5.44347e-05
5.58271e-05
5.74037e-05
5.83892e-05
5.89658e-05
5.95698e-05
6.00482e-05
6.0698e-05
6.11019e-05
6.22099e-05
6.19368e-05
5.94931e-05
5.70522e-05
5.4713e-05
5.2333e-05
5.00581e-05
4.76098e-05
4.53579e-05
4.30084e-05
4.0631e-05
3.85103e-05
3.52984e-05
3.1963e-05
2.66986e-05
3.16324e-05
3.24694e-05
3.33418e-05
3.42256e-05
3.51223e-05
3.60355e-05
3.6968e-05
3.79161e-05
3.88769e-05
3.98419e-05
4.08167e-05
4.14389e-05
4.13603e-05
4.1364e-05
4.14505e-05
4.16068e-05
4.1835e-05
4.21337e-05
4.24985e-05
4.29249e-05
4.34078e-05
4.3942e-05
4.45227e-05
4.51452e-05
4.58054e-05
4.65008e-05
4.72291e-05
4.79891e-05
4.87809e-05
4.96084e-05
5.04728e-05
5.13829e-05
5.23423e-05
5.3371e-05
5.44724e-05
5.5686e-05
5.69943e-05
5.84785e-05
6.01584e-05
6.12559e-05
6.18631e-05
6.24974e-05
6.29991e-05
6.36768e-05
6.41005e-05
6.5262e-05
6.49585e-05
6.24622e-05
5.99785e-05
5.76222e-05
5.52513e-05
5.29894e-05
5.06515e-05
4.83149e-05
4.61755e-05
4.35691e-05
4.17473e-05
3.90255e-05
3.64323e-05
3.12827e-05
3.16348e-05
3.24763e-05
3.33494e-05
3.42337e-05
3.51309e-05
3.60444e-05
3.69771e-05
3.79253e-05
3.88864e-05
3.98516e-05
4.08266e-05
4.14412e-05
4.13629e-05
4.13669e-05
4.14534e-05
4.16098e-05
4.1838e-05
4.21366e-05
4.25015e-05
4.29278e-05
4.34107e-05
4.39449e-05
4.45255e-05
4.51479e-05
4.58081e-05
4.65034e-05
4.72317e-05
4.79916e-05
4.87834e-05
4.96108e-05
5.04751e-05
5.13851e-05
5.23445e-05
5.33732e-05
5.44745e-05
5.56881e-05
5.69963e-05
5.84804e-05
6.01599e-05
6.12633e-05
6.18707e-05
6.2505e-05
6.30066e-05
6.36841e-05
6.41077e-05
6.52691e-05
6.49658e-05
6.24699e-05
5.99862e-05
5.76296e-05
5.52579e-05
5.29958e-05
5.06576e-05
4.83203e-05
4.61802e-05
4.35732e-05
4.17506e-05
3.90285e-05
3.64347e-05
3.12843e-05
3.60621e-05
3.67524e-05
3.75006e-05
3.82617e-05
3.90376e-05
3.98409e-05
4.06696e-05
4.15294e-05
4.24121e-05
4.33082e-05
4.42109e-05
4.45914e-05
4.43516e-05
4.42138e-05
4.41784e-05
4.42284e-05
4.4364e-05
4.45829e-05
4.48797e-05
4.52486e-05
4.56837e-05
4.61791e-05
4.67295e-05
4.733e-05
4.79767e-05
4.86666e-05
4.93975e-05
5.01684e-05
5.09791e-05
5.18331e-05
5.27331e-05
5.36873e-05
5.4701e-05
5.57932e-05
5.69673e-05
5.82649e-05
5.96641e-05
6.12529e-05
6.30503e-05
6.43828e-05
6.50266e-05
6.56989e-05
6.62305e-05
6.69452e-05
6.73922e-05
6.86124e-05
6.82804e-05
6.57071e-05
6.31591e-05
6.07406e-05
5.83637e-05
5.60618e-05
5.383e-05
5.14292e-05
4.94126e-05
4.68348e-05
4.49468e-05
4.23809e-05
4.04396e-05
3.58543e-05
3.60661e-05
3.67625e-05
3.75112e-05
3.82728e-05
3.9049e-05
3.98524e-05
4.06811e-05
4.15409e-05
4.24237e-05
4.33198e-05
4.4222e-05
4.45941e-05
4.43546e-05
4.42171e-05
4.41816e-05
4.42314e-05
4.4367e-05
4.45858e-05
4.48824e-05
4.52512e-05
4.56862e-05
4.61815e-05
4.67318e-05
4.73322e-05
4.79788e-05
4.86686e-05
4.93994e-05
5.01701e-05
5.09808e-05
5.18346e-05
5.27345e-05
5.36887e-05
5.47023e-05
5.57944e-05
5.69685e-05
5.82659e-05
5.96651e-05
6.12539e-05
6.30506e-05
6.43891e-05
6.50332e-05
6.57056e-05
6.62371e-05
6.69512e-05
6.73984e-05
6.86184e-05
6.82869e-05
6.57143e-05
6.31666e-05
6.07481e-05
5.83707e-05
5.60686e-05
5.38362e-05
5.14351e-05
4.94178e-05
4.68394e-05
4.49506e-05
4.23844e-05
4.04425e-05
3.58561e-05
4.02279e-05
4.08195e-05
4.14786e-05
4.21558e-05
4.2862e-05
4.36021e-05
4.43737e-05
4.51753e-05
4.59995e-05
4.68463e-05
4.76622e-05
4.75944e-05
4.7245e-05
4.69978e-05
4.68605e-05
4.68221e-05
4.68812e-05
4.70339e-05
4.72744e-05
4.75961e-05
4.79925e-05
4.84572e-05
4.89857e-05
4.95729e-05
5.02143e-05
5.09067e-05
5.16479e-05
5.24371e-05
5.32745e-05
5.41633e-05
5.5107e-05
5.61141e-05
5.71907e-05
5.83558e-05
5.96134e-05
6.10056e-05
6.25097e-05
6.421e-05
6.61393e-05
6.78068e-05
6.84909e-05
6.92136e-05
6.97834e-05
7.05327e-05
7.10099e-05
7.22979e-05
7.19446e-05
6.927e-05
6.66376e-05
6.4123e-05
6.17169e-05
5.93337e-05
5.71581e-05
5.47339e-05
5.27693e-05
5.02385e-05
4.83942e-05
4.58092e-05
4.41088e-05
4.01355e-05
4.02332e-05
4.08319e-05
4.14916e-05
4.21695e-05
4.28759e-05
4.3616e-05
4.43877e-05
4.51892e-05
4.60132e-05
4.68597e-05
4.76745e-05
4.75974e-05
4.7248e-05
4.70009e-05
4.68635e-05
4.68249e-05
4.68837e-05
4.70362e-05
4.72765e-05
4.75981e-05
4.79943e-05
4.84589e-05
4.89873e-05
4.95743e-05
5.02155e-05
5.09078e-05
5.16488e-05
5.24379e-05
5.32752e-05
5.41639e-05
5.51075e-05
5.61145e-05
5.7191e-05
5.8356e-05
5.96135e-05
6.10056e-05
6.25097e-05
6.42098e-05
6.61385e-05
6.78117e-05
6.84959e-05
6.92189e-05
6.97888e-05
7.05376e-05
7.10142e-05
7.23023e-05
7.19497e-05
6.92762e-05
6.66444e-05
6.41302e-05
6.17239e-05
5.93407e-05
5.71643e-05
5.47402e-05
5.27747e-05
5.02435e-05
4.83986e-05
4.5813e-05
4.41121e-05
4.01368e-05
4.42576e-05
4.48212e-05
4.54408e-05
4.60673e-05
4.67269e-05
4.74222e-05
4.81518e-05
4.89135e-05
4.97014e-05
5.05e-05
5.10442e-05
5.05137e-05
5.00888e-05
4.97613e-05
4.95443e-05
4.94367e-05
4.9436e-05
4.95373e-05
4.97342e-05
5.00192e-05
5.0387e-05
5.08324e-05
5.13491e-05
5.19321e-05
5.2577e-05
5.32806e-05
5.40408e-05
5.4857e-05
5.57299e-05
5.66628e-05
5.76599e-05
5.87298e-05
5.988e-05
6.11289e-05
6.24816e-05
6.39772e-05
6.56003e-05
6.74302e-05
6.95074e-05
7.15678e-05
7.23009e-05
7.30879e-05
7.37015e-05
7.44972e-05
7.50007e-05
7.63559e-05
7.59987e-05
7.32066e-05
7.04713e-05
6.78397e-05
6.53663e-05
6.28896e-05
6.06936e-05
5.827e-05
5.62922e-05
5.38186e-05
5.19915e-05
4.94019e-05
4.78832e-05
4.41585e-05
4.42639e-05
4.48355e-05
4.54559e-05
4.6083e-05
4.67428e-05
4.74381e-05
4.81677e-05
4.89292e-05
4.97168e-05
5.05145e-05
5.10461e-05
5.05162e-05
5.00913e-05
4.97637e-05
4.95465e-05
4.94387e-05
4.94377e-05
4.95388e-05
4.97355e-05
5.00203e-05
5.0388e-05
5.08331e-05
5.13497e-05
5.19325e-05
5.25773e-05
5.32807e-05
5.40407e-05
5.48568e-05
5.57296e-05
5.66624e-05
5.76593e-05
5.87292e-05
5.98792e-05
6.1128e-05
6.24807e-05
6.3976e-05
6.55992e-05
6.74289e-05
6.95056e-05
7.15708e-05
7.2304e-05
7.30913e-05
7.3705e-05
7.45006e-05
7.50032e-05
7.63574e-05
7.60017e-05
7.32113e-05
7.04769e-05
6.78462e-05
6.53729e-05
6.28966e-05
6.06999e-05
5.82764e-05
5.62979e-05
5.3824e-05
5.19964e-05
4.94061e-05
4.78869e-05
4.41597e-05
4.83352e-05
4.88631e-05
4.94474e-05
5.00488e-05
5.06873e-05
5.1364e-05
5.20763e-05
5.28183e-05
5.35774e-05
5.42994e-05
5.39998e-05
5.34417e-05
5.29737e-05
5.25884e-05
5.23127e-05
5.21541e-05
5.21091e-05
5.21721e-05
5.23352e-05
5.25953e-05
5.29464e-05
5.33821e-05
5.38963e-05
5.4484e-05
5.5141e-05
5.58644e-05
5.66523e-05
5.75046e-05
5.84223e-05
5.94091e-05
6.04698e-05
6.16136e-05
6.28485e-05
6.41908e-05
6.56491e-05
6.72638e-05
6.90265e-05
7.10035e-05
7.32475e-05
7.57147e-05
7.65063e-05
7.73612e-05
7.80371e-05
7.88926e-05
7.94335e-05
8.08486e-05
8.04783e-05
7.75759e-05
7.47252e-05
7.19693e-05
6.93895e-05
6.68199e-05
6.45336e-05
6.20983e-05
6.00616e-05
5.76025e-05
5.58013e-05
5.31543e-05
5.17392e-05
4.82163e-05
4.83421e-05
4.88786e-05
4.94639e-05
5.00658e-05
5.07045e-05
5.13812e-05
5.20934e-05
5.28351e-05
5.35936e-05
5.43143e-05
5.40013e-05
5.34434e-05
5.29752e-05
5.25898e-05
5.23137e-05
5.21549e-05
5.21097e-05
5.21725e-05
5.23355e-05
5.25954e-05
5.29463e-05
5.33818e-05
5.38958e-05
5.44834e-05
5.51403e-05
5.58635e-05
5.66513e-05
5.75034e-05
5.8421e-05
5.94077e-05
6.04683e-05
6.1612e-05
6.28467e-05
6.41889e-05
6.5647e-05
6.72616e-05
6.90243e-05
7.10013e-05
7.32446e-05
7.57151e-05
7.6507e-05
7.73621e-05
7.80382e-05
7.88937e-05
7.94335e-05
8.08482e-05
8.04779e-05
7.75783e-05
7.47292e-05
7.19746e-05
6.93952e-05
6.68264e-05
6.45398e-05
6.21046e-05
6.00674e-05
5.76081e-05
5.58065e-05
5.31589e-05
5.17432e-05
4.82176e-05
5.24874e-05
5.30155e-05
5.35951e-05
5.41973e-05
5.48391e-05
5.5519e-05
5.62264e-05
5.69541e-05
5.76689e-05
5.78013e-05
5.71084e-05
5.65382e-05
5.60298e-05
5.56003e-05
5.52823e-05
5.50865e-05
5.50081e-05
5.50398e-05
5.51808e-05
5.54258e-05
5.57682e-05
5.62018e-05
5.67209e-05
5.73207e-05
5.79974e-05
5.87483e-05
5.95721e-05
6.0469e-05
6.14407e-05
6.24913e-05
6.3626e-05
6.48532e-05
6.61829e-05
6.76326e-05
6.92143e-05
7.09654e-05
7.2886e-05
7.50328e-05
7.74673e-05
8.03108e-05
8.1167e-05
8.20825e-05
8.28406e-05
8.37649e-05
8.43549e-05
8.58566e-05
8.54521e-05
8.243e-05
7.94634e-05
7.65833e-05
7.38701e-05
7.12056e-05
6.87824e-05
6.62692e-05
6.41608e-05
6.16455e-05
5.98562e-05
5.71813e-05
5.57382e-05
5.23077e-05
5.24945e-05
5.30315e-05
5.36122e-05
5.42149e-05
5.48568e-05
5.55367e-05
5.62439e-05
5.69712e-05
5.76849e-05
5.7801e-05
5.71088e-05
5.65387e-05
5.603e-05
5.56002e-05
5.5282e-05
5.5086e-05
5.50075e-05
5.50392e-05
5.518e-05
5.54248e-05
5.57671e-05
5.62005e-05
5.67195e-05
5.73192e-05
5.79958e-05
5.87466e-05
5.95702e-05
6.0467e-05
6.14386e-05
6.2489e-05
6.36237e-05
6.48506e-05
6.61802e-05
6.76297e-05
6.92114e-05
7.09623e-05
7.28829e-05
7.50299e-05
7.74637e-05
8.0308e-05
8.11645e-05
8.20803e-05
8.28384e-05
8.37628e-05
8.43518e-05
8.58534e-05
8.54491e-05
8.24288e-05
7.94649e-05
7.65866e-05
7.38745e-05
7.1211e-05
6.8788e-05
6.62748e-05
6.41664e-05
6.16511e-05
5.98614e-05
5.7186e-05
5.57424e-05
5.23091e-05
5.68297e-05
5.73876e-05
5.79857e-05
5.86096e-05
5.92706e-05
5.99618e-05
6.06752e-05
6.13833e-05
6.20104e-05
6.12564e-05
6.05644e-05
5.99649e-05
5.94128e-05
5.89429e-05
5.85904e-05
5.83626e-05
5.82545e-05
5.82639e-05
5.83887e-05
5.86232e-05
5.89614e-05
5.93975e-05
5.99265e-05
6.05439e-05
6.12463e-05
6.20315e-05
6.28985e-05
6.38482e-05
6.48826e-05
6.60059e-05
6.72245e-05
6.85484e-05
6.99889e-05
7.15623e-05
7.32856e-05
7.51929e-05
7.72949e-05
7.96407e-05
8.22875e-05
8.54322e-05
8.63578e-05
8.73301e-05
8.81644e-05
8.91862e-05
8.98276e-05
9.14363e-05
9.1014e-05
8.78495e-05
8.47487e-05
8.17457e-05
7.88943e-05
7.60926e-05
7.35381e-05
7.08878e-05
6.86881e-05
6.60796e-05
6.42386e-05
6.15438e-05
6.00313e-05
5.65975e-05
5.68367e-05
5.74036e-05
5.8003e-05
5.8627e-05
5.92879e-05
5.9979e-05
6.0692e-05
6.13996e-05
6.20087e-05
6.12543e-05
6.05637e-05
5.99642e-05
5.94117e-05
5.89416e-05
5.8589e-05
5.83611e-05
5.8253e-05
5.82623e-05
5.8387e-05
5.86214e-05
5.89595e-05
5.93955e-05
5.99244e-05
6.05417e-05
6.1244e-05
6.2029e-05
6.2896e-05
6.38456e-05
6.48799e-05
6.60031e-05
6.72215e-05
6.85452e-05
6.99856e-05
7.15588e-05
7.3282e-05
7.51891e-05
7.72911e-05
7.96373e-05
8.2283e-05
8.54253e-05
8.63511e-05
8.73237e-05
8.81581e-05
8.918e-05
8.98205e-05
9.14294e-05
9.10078e-05
8.78455e-05
8.47459e-05
8.1746e-05
7.88966e-05
7.60961e-05
7.35424e-05
7.08924e-05
6.8693e-05
6.60848e-05
6.42436e-05
6.15486e-05
6.00355e-05
5.6599e-05
6.14981e-05
6.20998e-05
6.27291e-05
6.33883e-05
6.40797e-05
6.47918e-05
6.55017e-05
6.62091e-05
6.60129e-05
6.52322e-05
6.45329e-05
6.38791e-05
6.32776e-05
6.27703e-05
6.2382e-05
6.21194e-05
6.19817e-05
6.19691e-05
6.20782e-05
6.23036e-05
6.26395e-05
6.30809e-05
6.36231e-05
6.42622e-05
6.49955e-05
6.58209e-05
6.67382e-05
6.77486e-05
6.88551e-05
7.00627e-05
7.13788e-05
7.28145e-05
7.43831e-05
7.61009e-05
7.79889e-05
8.00752e-05
8.23866e-05
8.49576e-05
8.78324e-05
9.11689e-05
9.21644e-05
9.32005e-05
9.41052e-05
9.52247e-05
9.59294e-05
9.76685e-05
9.72312e-05
9.39391e-05
9.06607e-05
8.75252e-05
8.45335e-05
8.15886e-05
7.88929e-05
7.60907e-05
7.37539e-05
7.10357e-05
6.9074e-05
6.63339e-05
6.47352e-05
6.12419e-05
6.15048e-05
6.21154e-05
6.27456e-05
6.34047e-05
6.4096e-05
6.48077e-05
6.55169e-05
6.62229e-05
6.60108e-05
6.5231e-05
6.4532e-05
6.38775e-05
6.32756e-05
6.27682e-05
6.23799e-05
6.21173e-05
6.19796e-05
6.19669e-05
6.20759e-05
6.23013e-05
6.26371e-05
6.30783e-05
6.36204e-05
6.42595e-05
6.49927e-05
6.5818e-05
6.67353e-05
6.77456e-05
6.8852e-05
7.00594e-05
7.13755e-05
7.2811e-05
7.43796e-05
7.6097e-05
7.79849e-05
8.00709e-05
8.23825e-05
8.49534e-05
8.78265e-05
9.11568e-05
9.21523e-05
9.31886e-05
9.40937e-05
9.52133e-05
9.59189e-05
9.76562e-05
9.72203e-05
9.39313e-05
9.06551e-05
8.75207e-05
8.45327e-05
8.15895e-05
7.88949e-05
7.60938e-05
7.37575e-05
7.10398e-05
6.90782e-05
6.63382e-05
6.47391e-05
6.12434e-05
6.66399e-05
6.72806e-05
6.79582e-05
6.86617e-05
6.93885e-05
7.01106e-05
7.08428e-05
7.15595e-05
7.07399e-05
6.99428e-05
6.91781e-05
6.84485e-05
6.77914e-05
6.72367e-05
6.68029e-05
6.64992e-05
6.63274e-05
6.62879e-05
6.63775e-05
6.65915e-05
6.69249e-05
6.73724e-05
6.79301e-05
6.85946e-05
6.93635e-05
7.02355e-05
7.12109e-05
7.22917e-05
7.34818e-05
7.47872e-05
7.6217e-05
7.77825e-05
7.94991e-05
8.13851e-05
8.3463e-05
8.57531e-05
8.83042e-05
9.11035e-05
9.42398e-05
9.76263e-05
9.86974e-05
9.9806e-05
0.000100784
0.000101982
0.000102765
0.000104652
0.000104205
0.000100777
9.73369e-05
9.40128e-05
9.08767e-05
8.77864e-05
8.4941e-05
8.19909e-05
7.94827e-05
7.66404e-05
7.45163e-05
7.16753e-05
6.99908e-05
6.6367e-05
6.66461e-05
6.72952e-05
6.79733e-05
6.86766e-05
6.94029e-05
7.01242e-05
7.08552e-05
7.15699e-05
7.07385e-05
6.99413e-05
6.91763e-05
6.84461e-05
6.77888e-05
6.72339e-05
6.68002e-05
6.64966e-05
6.63248e-05
6.62853e-05
6.63748e-05
6.65888e-05
6.69221e-05
6.73696e-05
6.79272e-05
6.85916e-05
6.93604e-05
7.02323e-05
7.12077e-05
7.22885e-05
7.34784e-05
7.47838e-05
7.62134e-05
7.77788e-05
7.94954e-05
8.13813e-05
8.34588e-05
8.57485e-05
8.83001e-05
9.10978e-05
9.42338e-05
9.76073e-05
9.86783e-05
9.97871e-05
0.000100765
0.000101965
0.000102747
0.000104633
0.000104188
0.000100764
9.73273e-05
9.40051e-05
9.08709e-05
8.77837e-05
8.494e-05
8.19916e-05
7.94843e-05
7.66427e-05
7.45191e-05
7.16787e-05
6.9994e-05
6.63684e-05
7.24045e-05
7.30833e-05
7.38196e-05
7.45711e-05
7.53232e-05
7.60815e-05
7.68493e-05
7.73185e-05
7.64216e-05
7.55398e-05
7.46766e-05
7.38576e-05
7.31255e-05
7.25046e-05
7.20112e-05
7.16556e-05
7.14406e-05
7.13664e-05
7.14308e-05
7.16295e-05
7.19572e-05
7.24099e-05
7.2984e-05
7.36767e-05
7.44861e-05
7.54114e-05
7.64539e-05
7.76164e-05
7.89034e-05
8.03224e-05
8.18835e-05
8.35997e-05
8.54863e-05
8.75631e-05
8.98538e-05
9.23775e-05
9.51833e-05
9.82051e-05
0.000101764
0.000104943
0.000106099
0.000107284
0.000108343
0.000109623
0.000110483
0.000112528
0.00011206
0.000108486
0.000104877
0.000101368
9.80465e-05
9.47865e-05
9.17837e-05
8.86932e-05
8.60008e-05
8.30152e-05
8.07116e-05
7.77228e-05
7.5933e-05
7.21233e-05
7.24106e-05
7.30957e-05
7.38323e-05
7.45834e-05
7.53346e-05
7.60917e-05
7.68582e-05
7.73143e-05
7.64183e-05
7.55363e-05
7.46731e-05
7.38541e-05
7.31222e-05
7.25013e-05
7.2008e-05
7.16526e-05
7.14378e-05
7.13636e-05
7.1428e-05
7.16267e-05
7.19544e-05
7.2407e-05
7.29811e-05
7.36738e-05
7.4483e-05
7.54084e-05
7.64508e-05
7.76132e-05
7.89002e-05
8.03191e-05
8.18801e-05
8.35962e-05
8.54828e-05
8.75595e-05
8.98495e-05
9.23728e-05
9.51787e-05
9.81984e-05
0.000101766
0.000104915
0.000106071
0.000107256
0.000108316
0.000109596
0.000110456
0.0001125
0.000112034
0.000108465
0.000104862
0.000101356
9.80369e-05
9.47787e-05
9.17786e-05
8.86904e-05
8.59995e-05
8.30152e-05
8.07124e-05
7.77247e-05
7.59349e-05
7.21241e-05
7.89522e-05
7.96768e-05
8.04664e-05
8.12586e-05
8.20573e-05
8.28632e-05
8.36651e-05
8.42428e-05
8.32238e-05
8.21995e-05
8.12223e-05
8.03016e-05
7.9472e-05
7.8762e-05
7.819e-05
7.77661e-05
7.7494e-05
7.73739e-05
7.74042e-05
7.75801e-05
7.78978e-05
7.83538e-05
7.89449e-05
7.96687e-05
8.05237e-05
8.15099e-05
8.26292e-05
8.38854e-05
8.52837e-05
8.68326e-05
8.85435e-05
9.04303e-05
9.25087e-05
9.47972e-05
9.73214e-05
0.000100111
0.000103167
0.000106551
0.000110885
0.000113299
0.000114543
0.000115811
0.000116967
0.000118335
0.000119267
0.000121482
0.000120982
0.000117224
0.000113425
0.000109727
0.000106205
0.000102745
9.95348e-05
9.6293e-05
9.34174e-05
9.02831e-05
8.77951e-05
8.46342e-05
8.27147e-05
7.86724e-05
7.8958e-05
7.96868e-05
8.04754e-05
8.12664e-05
8.20641e-05
8.28688e-05
8.36694e-05
8.42379e-05
8.32196e-05
8.21953e-05
8.12182e-05
8.02979e-05
7.94687e-05
7.87588e-05
7.8187e-05
7.77632e-05
7.74913e-05
7.73714e-05
7.74017e-05
7.75776e-05
7.78953e-05
7.83513e-05
7.89424e-05
7.96662e-05
8.05212e-05
8.15074e-05
8.26268e-05
8.38829e-05
8.52812e-05
8.68301e-05
8.85409e-05
9.04275e-05
9.2506e-05
9.47941e-05
9.73174e-05
0.000100107
0.000103162
0.000106551
0.0001109
0.000113261
0.000114504
0.000115772
0.000116928
0.000118297
0.00011923
0.000121442
0.000120945
0.000117194
0.000113401
0.000109708
0.000106189
0.000102733
9.9525e-05
9.62851e-05
9.34121e-05
9.02796e-05
8.77928e-05
8.46334e-05
8.27143e-05
7.86719e-05
8.64677e-05
8.72384e-05
8.80701e-05
8.891e-05
8.97574e-05
9.06122e-05
9.1454e-05
9.22846e-05
9.14307e-05
9.01957e-05
8.90631e-05
8.80108e-05
8.70562e-05
8.62311e-05
8.5556e-05
8.50424e-05
8.4695e-05
8.45145e-05
8.44981e-05
8.46425e-05
8.49446e-05
8.5401e-05
8.60089e-05
8.67661e-05
8.76715e-05
8.87257e-05
8.99315e-05
9.12933e-05
9.28167e-05
9.45112e-05
9.6389e-05
9.8465e-05
0.000100754
0.000103281
0.00010608
0.000109183
0.000112634
0.000116899
0.000121517
0.00012291
0.000124245
0.000125608
0.000126868
0.000128329
0.000129337
0.000131719
0.000131187
0.000127217
0.00012318
0.000119265
0.000115522
0.000111857
0.000108415
0.000104975
0.000101875
9.85772e-05
9.58936e-05
9.25485e-05
9.0486e-05
8.61814e-05
8.64726e-05
8.72451e-05
8.80756e-05
8.89142e-05
8.97605e-05
9.06144e-05
9.14561e-05
9.22876e-05
9.14276e-05
9.01926e-05
8.90603e-05
8.80081e-05
8.70537e-05
8.62289e-05
8.55541e-05
8.50407e-05
8.46935e-05
8.45131e-05
8.44968e-05
8.46413e-05
8.49435e-05
8.54e-05
8.60079e-05
8.67651e-05
8.76706e-05
8.87249e-05
8.99308e-05
9.12927e-05
9.28161e-05
9.45106e-05
9.63883e-05
9.84641e-05
0.000100754
0.00010328
0.000106079
0.000109183
0.00011264
0.000116927
0.000121467
0.000122857
0.000124192
0.000125554
0.000126815
0.000128277
0.000129285
0.000131667
0.000131137
0.000127175
0.000123145
0.000119236
0.000115499
0.000111839
0.0001084
0.000104963
0.000101865
9.85693e-05
9.58872e-05
9.25439e-05
9.04824e-05
8.61791e-05
9.51323e-05
9.5952e-05
9.68395e-05
9.7734e-05
9.86326e-05
9.95352e-05
0.000100421
0.000101285
0.000101367
9.98889e-05
9.85063e-05
9.72804e-05
9.61691e-05
9.51961e-05
9.43887e-05
9.37599e-05
9.3314e-05
9.30527e-05
9.29739e-05
9.30747e-05
9.33522e-05
9.38033e-05
9.44252e-05
9.5216e-05
9.61748e-05
9.73026e-05
9.86035e-05
0.000100082
0.000101744
0.000103601
0.000105667
0.000107961
0.000110505
0.000113346
0.000116542
0.000120181
0.000124641
0.00013015
0.000132543
0.000134017
0.000135454
0.000136912
0.000138278
0.000139832
0.000140919
0.000143467
0.000142884
0.00013871
0.000134404
0.000130231
0.000126229
0.00012233
0.000118635
0.000114976
0.000111625
0.000108126
0.000105213
0.000101664
9.94427e-05
9.48478e-05
9.51366e-05
9.59556e-05
9.68419e-05
9.77354e-05
9.86335e-05
9.95363e-05
0.000100423
0.00010129
0.000101367
9.9888e-05
9.85062e-05
9.72805e-05
9.61694e-05
9.51965e-05
9.43894e-05
9.3761e-05
9.33153e-05
9.30541e-05
9.29754e-05
9.30765e-05
9.33541e-05
9.38054e-05
9.44275e-05
9.52184e-05
9.61773e-05
9.73054e-05
9.86066e-05
0.000100086
0.000101748
0.000103605
0.00010567
0.000107966
0.000110512
0.000113354
0.000116555
0.0001202
0.000124685
0.000130212
0.000132475
0.000133947
0.000135384
0.000136841
0.000138208
0.000139764
0.00014085
0.000143397
0.000142819
0.000138653
0.000134356
0.00013019
0.000126195
0.000122302
0.000118612
0.000114957
0.000111609
0.000108114
0.000105203
0.000101656
9.94358e-05
9.48435e-05
0.000105202
0.00010607
0.000107017
0.000107967
0.000108918
0.000109863
0.000110789
0.00011168
0.000112551
0.00011173
0.000110022
0.000108514
0.000107199
0.000106042
0.000105063
0.000104281
0.000103707
0.00010334
0.000103177
0.000103216
0.000103455
0.000103892
0.000104522
0.000105346
0.00010636
0.000107569
0.000108977
0.000110591
0.000112417
0.000114476
0.000116789
0.000119398
0.000122345
0.000125738
0.000129689
0.000134583
0.000140417
0.000143728
0.000145312
0.000146875
0.00014841
0.000149956
0.000151425
0.000153064
0.000154231
0.000156936
0.000156297
0.000151925
0.000147364
0.000142917
0.000138631
0.000134462
0.000130482
0.000126569
0.000122933
0.000119205
0.00011602
0.000112244
0.000109832
0.000104912
0.000105207
0.000106072
0.000107018
0.000107967
0.000108919
0.000109866
0.000110795
0.00011169
0.000112565
0.000111735
0.000110028
0.00010852
0.000107205
0.000106048
0.000105069
0.000104287
0.000103713
0.000103347
0.000103184
0.000103224
0.000103463
0.0001039
0.000104531
0.000105354
0.00010637
0.000107579
0.000108988
0.000110602
0.000112429
0.000114489
0.000116804
0.000119417
0.000122371
0.000125772
0.00012974
0.000134652
0.000140502
0.000143641
0.000145222
0.000146784
0.000148319
0.000149865
0.000151334
0.000152975
0.000154143
0.000156847
0.000156213
0.000151851
0.000147299
0.000142861
0.000138584
0.000134422
0.000130448
0.000126541
0.00012291
0.000119185
0.000116004
0.000112231
0.000109821
0.000104905
0.000117004
0.000117917
0.000118924
0.000119923
0.000120915
0.000121895
0.00012285
0.000123763
0.000124635
0.000125492
0.000124187
0.000122304
0.000120652
0.000119261
0.000118068
0.000117093
0.00011635
0.000115846
0.000115575
0.000115532
0.000115718
0.000116131
0.000116769
0.00011763
0.000118715
0.000120029
0.000121585
0.00012339
0.00012546
0.000127848
0.000130592
0.00013378
0.000137496
0.000141977
0.000147371
0.000153671
0.00015671
0.000158394
0.000160053
0.000161695
0.000163316
0.000164944
0.000166508
0.000168218
0.000169466
0.000172316
0.000171626
0.000167083
0.000162298
0.0001576
0.000153036
0.000148588
0.000144309
0.000140118
0.00013617
0.00013218
0.000128682
0.000124651
0.000122013
0.000116711
0.00011701
0.000117919
0.000118926
0.000119926
0.000120919
0.000121902
0.000122862
0.000123779
0.000124657
0.000125517
0.000124201
0.000122319
0.000120668
0.000119277
0.000118084
0.000117109
0.000116367
0.000115863
0.000115592
0.00011555
0.000115736
0.000116149
0.000116788
0.00011765
0.000118736
0.000120052
0.00012161
0.000123416
0.000125489
0.000127881
0.00013063
0.000133828
0.000137557
0.000142059
0.000147462
0.000153768
0.000156601
0.000158281
0.000159938
0.000161579
0.0001632
0.000164829
0.000166394
0.000168105
0.000169354
0.000172206
0.000171521
0.000166988
0.000162214
0.000157526
0.000152972
0.000148533
0.000144262
0.000140077
0.000136136
0.000132151
0.000128657
0.00012463
0.000121995
0.000116699
0.000130945
0.000131892
0.000132951
0.000133986
0.000135003
0.000135998
0.00013696
0.000137881
0.000138749
0.000139584
0.000140419
0.00013928
0.000137277
0.000135516
0.000134042
0.000132842
0.000131901
0.000131233
0.000130828
0.000130689
0.000130822
0.000131223
0.000131891
0.000132826
0.000134035
0.000135536
0.000137358
0.000139514
0.000142045
0.000145044
0.000148589
0.000152864
0.00015789
0.000163764
0.000169878
0.000171708
0.000173459
0.000175193
0.000176913
0.000178625
0.000180322
0.000182023
0.000183672
0.000185442
0.000186777
0.000189753
0.000189029
0.000184367
0.000179402
0.000174513
0.00016971
0.000165008
0.000160447
0.000155978
0.000151715
0.000147447
0.000143611
0.000139299
0.000136401
0.000130663
0.000130956
0.000131897
0.000132957
0.000133994
0.000135014
0.000136013
0.00013698
0.000137906
0.000138778
0.000139615
0.000140447
0.000139307
0.000137306
0.000135547
0.000134073
0.000132872
0.000131932
0.000131264
0.00013086
0.000130722
0.000130855
0.000131258
0.000131926
0.000132863
0.000134075
0.00013558
0.000137405
0.000139566
0.000142104
0.000145111
0.000148671
0.000152953
0.000157996
0.000163874
0.000169751
0.000171571
0.000173317
0.00017505
0.000176769
0.00017848
0.000180178
0.00018188
0.000183532
0.000185303
0.000186639
0.000189618
0.0001889
0.00018425
0.000179297
0.000174418
0.000169626
0.000164935
0.000160382
0.000155922
0.000151667
0.000147405
0.000143575
0.000139269
0.000136375
0.000130645
0.000147476
0.000148433
0.000149524
0.000150578
0.000151601
0.000152589
0.000153534
0.000154433
0.000155283
0.000156089
0.000156877
0.000157694
0.000157654
0.000155619
0.000153825
0.000152367
0.000151209
0.000150385
0.000149864
0.000149658
0.000149781
0.000150231
0.00015101
0.000152128
0.000153598
0.000155462
0.000157776
0.000160584
0.000163961
0.000167959
0.000172656
0.000178107
0.000184295
0.000187015
0.000188827
0.000190618
0.000192401
0.000194181
0.000195958
0.000197732
0.000199497
0.000201264
0.000202999
0.000204824
0.000206248
0.000209303
0.000208554
0.000203853
0.000198781
0.000193766
0.000188812
0.000183918
0.000179132
0.000174427
0.000169884
0.000165356
0.000161188
0.000156602
0.000153422
0.000147221
0.000147492
0.000148443
0.000149535
0.000150592
0.00015162
0.000152612
0.000153563
0.000154466
0.000155318
0.000156122
0.000156903
0.000157708
0.00015769
0.000155659
0.00015387
0.000152413
0.000151257
0.000150432
0.000149914
0.00014971
0.000149833
0.000150285
0.000151067
0.000152187
0.000153662
0.000155532
0.000157852
0.000160669
0.000164052
0.000168058
0.000172752
0.000178199
0.000184382
0.000186853
0.000188657
0.000190446
0.000192227
0.000194006
0.000195783
0.000197557
0.000199324
0.000201092
0.00020283
0.000204657
0.000206084
0.000209142
0.0002084
0.000203711
0.000198651
0.000193648
0.000188706
0.000183824
0.000179048
0.000174353
0.000169819
0.0001653
0.000161139
0.000156559
0.000153384
0.000147195
0.000167003
0.000167947
0.000169038
0.000170087
0.000171095
0.000172055
0.000172963
0.000173818
0.000174621
0.000175383
0.00017612
0.000176861
0.000177665
0.000178539
0.000178047
0.000176428
0.000175178
0.000174312
0.000173791
0.000173634
0.000173862
0.000174492
0.000175543
0.000177036
0.000178992
0.000181452
0.000184485
0.000188112
0.000192284
0.000197166
0.000202575
0.000204445
0.00020626
0.000208058
0.000209868
0.000211683
0.000213505
0.000215335
0.000217167
0.000218999
0.000220831
0.000222668
0.000224476
0.000226325
0.0002278
0.000230806
0.000229987
0.000225332
0.000220259
0.000215228
0.000210237
0.000205279
0.000200378
0.000195538
0.000190808
0.000186098
0.000181658
0.000176868
0.000173398
0.000166793
0.000167023
0.000167957
0.000169051
0.000170104
0.000171117
0.000172083
0.000172996
0.000173853
0.000174655
0.000175411
0.000176136
0.000176859
0.000177642
0.000178493
0.000178083
0.000176472
0.000175222
0.000174361
0.000173846
0.000173694
0.000173926
0.000174559
0.000175614
0.000177109
0.000179067
0.00018153
0.000184565
0.000188185
0.000192357
0.000197236
0.000202397
0.000204253
0.000206062
0.000207856
0.000209663
0.000211477
0.000213298
0.000215127
0.00021696
0.000218794
0.000220628
0.000222468
0.000224279
0.000226131
0.000227608
0.000230618
0.000229806
0.000225163
0.000220104
0.000215085
0.000210107
0.000205161
0.000200272
0.000195443
0.000190723
0.000186024
0.000181593
0.000176811
0.000173346
0.000166758
0.000189794
0.000190695
0.00019176
0.000192777
0.000193746
0.000194661
0.000195517
0.000196313
0.000197053
0.000197749
0.000198414
0.000199081
0.000199789
0.000200575
0.000201489
0.000202516
0.000203625
0.000203225
0.000202829
0.000202906
0.00020344
0.00020443
0.000205896
0.000207857
0.000210311
0.000213293
0.000216908
0.000220358
0.000222145
0.000223921
0.000225692
0.000227474
0.000229279
0.0002311
0.000232938
0.000234793
0.000236661
0.000238539
0.000240425
0.000242317
0.000244203
0.000246065
0.00024786
0.000249614
0.000250989
0.000253727
0.000252895
0.000248446
0.000243524
0.000238604
0.000233691
0.000228793
0.000223909
0.000219064
0.000214294
0.000209553
0.000204991
0.000200174
0.000196399
0.000189635
0.00018981
0.000190694
0.000191762
0.000192786
0.000193761
0.000194682
0.000195542
0.000196339
0.000197075
0.000197761
0.00019841
0.000199055
0.000199737
0.000200495
0.00020138
0.000202382
0.000203472
0.000203234
0.000202848
0.000202924
0.000203461
0.000204453
0.00020592
0.000207878
0.000210327
0.00021331
0.000216923
0.000220149
0.000221927
0.000223697
0.000225463
0.000227242
0.000229046
0.000230864
0.000232701
0.000234555
0.000236423
0.000238302
0.000240189
0.000242083
0.000243972
0.000245837
0.000247635
0.000249392
0.000250771
0.000253514
0.000252691
0.000248254
0.000243345
0.000238438
0.000233537
0.000228652
0.000223781
0.000218948
0.000214189
0.000209459
0.000204907
0.0002001
0.00019633
0.000189595
0.000215809
0.000216652
0.000217679
0.000218658
0.000219581
0.000220445
0.000221242
0.000221973
0.000222644
0.00022326
0.000223837
0.000224413
0.000225023
0.000225701
0.000226478
0.000227375
0.000228417
0.0002296
0.000230895
0.000232281
0.000233744
0.000235271
0.000236851
0.000238473
0.000240129
0.00024181
0.00024351
0.000245221
0.000246955
0.000248717
0.000250502
0.000252306
0.000254134
0.000255984
0.000257856
0.000259745
0.000261649
0.000263561
0.000265466
0.000267344
0.00026917
0.000270875
0.000272436
0.000273996
0.000275397
0.000278014
0.00027728
0.000273158
0.000268529
0.000263863
0.00025917
0.000254452
0.000249727
0.000244987
0.000240278
0.000235581
0.000230985
0.00022624
0.000222261
0.000215639
0.000215804
0.000216616
0.000217648
0.000218635
0.000219566
0.000220438
0.000221241
0.000221973
0.000222639
0.000223244
0.000223802
0.000224354
0.000224935
0.000225583
0.000226331
0.000227201
0.000228218
0.000229383
0.000230665
0.000232043
0.000233501
0.000235026
0.000236605
0.000238226
0.000239881
0.000241561
0.000243259
0.000244968
0.0002467
0.000248459
0.000250242
0.000252045
0.000253871
0.000255721
0.000257592
0.00025948
0.000261385
0.000263298
0.000265206
0.000267085
0.000268914
0.00027062
0.000272186
0.000273752
0.000275159
0.000277782
0.000277057
0.000272947
0.000268329
0.000263676
0.000258995
0.000254291
0.000249578
0.00024485
0.000240154
0.000235469
0.000230883
0.00022615
0.000222174
0.000215603
0.000244687
0.00024545
0.000246414
0.000247349
0.000248247
0.000249098
0.000249856
0.000250533
0.00025114
0.000251671
0.00025216
0.000252642
0.000253145
0.000253699
0.000254333
0.000255072
0.000255936
0.00025693
0.000258049
0.000259284
0.000260622
0.000262046
0.000263542
0.000265093
0.00026669
0.000268324
0.000269992
0.000271689
0.000273413
0.000275162
0.000276938
0.000278739
0.000280564
0.000282411
0.000284276
0.000286147
0.000288004
0.000289835
0.000291596
0.000293211
0.000294794
0.000296364
0.000297915
0.000299452
0.000300885
0.000303336
0.000302739
0.000299058
0.000294858
0.000290592
0.000286264
0.000281881
0.000277455
0.000272989
0.000268502
0.000264003
0.000259539
0.00025498
0.000250914
0.000244536
0.000244638
0.000245352
0.000246322
0.000247266
0.000248175
0.000249039
0.000249808
0.000250488
0.000251092
0.000251613
0.000252085
0.000252542
0.000253017
0.000253543
0.000254149
0.000254863
0.000255705
0.000256682
0.000257789
0.000259016
0.000260349
0.000261771
0.000263266
0.000264817
0.000266414
0.000268048
0.000269715
0.000271411
0.000273134
0.000274882
0.000276657
0.000278457
0.000280281
0.000282127
0.000283991
0.000285862
0.000287721
0.000289552
0.000291315
0.000292931
0.000294518
0.000296093
0.00029765
0.000299193
0.000300632
0.000303091
0.000302502
0.000298831
0.000294642
0.000290388
0.000286072
0.000281702
0.000277289
0.000272836
0.000268361
0.000263873
0.000259422
0.000254874
0.000250812
0.000244514
0.000276143
0.000276806
0.000277642
0.000278443
0.000279205
0.00027993
0.000280616
0.00028126
0.00028185
0.000282337
0.000282756
0.00028315
0.000283549
0.000283981
0.00028447
0.000285041
0.000285713
0.000286497
0.000287399
0.000288417
0.000289546
0.000290773
0.000292087
0.000293475
0.000294926
0.000296432
0.000297983
0.000299574
0.000301203
0.000302867
0.00030456
0.000306276
0.000308003
0.000309732
0.00031145
0.000313116
0.00031469
0.000316264
0.000317831
0.00031939
0.000320938
0.00032247
0.000323982
0.000325472
0.000326902
0.000329151
0.000328722
0.00032558
0.000321934
0.000318202
0.000314382
0.000310481
0.000306507
0.000302469
0.000298372
0.000294232
0.000290081
0.000285857
0.000281901
0.000276004
0.000276026
0.000276623
0.000277468
0.000278284
0.000279064
0.000279806
0.000280504
0.000281155
0.000281747
0.000282228
0.000282633
0.000283006
0.000283382
0.000283788
0.000284253
0.000284802
0.000285456
0.000286227
0.000287119
0.000288131
0.000289256
0.000290482
0.000291795
0.000293184
0.000294635
0.000296141
0.000297693
0.000299284
0.000300912
0.000302574
0.000304266
0.000305981
0.000307706
0.000309435
0.000311152
0.000312817
0.000314392
0.000315969
0.000317539
0.000319102
0.000320653
0.000322191
0.000323708
0.000325205
0.000326641
0.000328898
0.000328477
0.000325345
0.000321709
0.000317988
0.000314178
0.00031029
0.000306328
0.000302303
0.000298219
0.00029409
0.000289951
0.00028574
0.000281788
0.000276012
0.000309308
0.000309856
0.000310525
0.000311155
0.000311745
0.000312301
0.000312819
0.000313293
0.000313718
0.000314103
0.000314458
0.0003148
0.000315147
0.000315484
0.000315845
0.000316261
0.00031675
0.000317328
0.000318003
0.000318782
0.000319663
0.000320642
0.000321709
0.000322855
0.000324073
0.000325353
0.000326686
0.000328065
0.000329481
0.000330924
0.000332377
0.000333804
0.000335244
0.0003367
0.000338168
0.000339646
0.00034113
0.000342617
0.000344104
0.000345586
0.00034706
0.00034852
0.000349962
0.000351381
0.00035277
0.00035479
0.00035455
0.000352016
0.00034902
0.000345925
0.000342728
0.000339437
0.000336059
0.000332594
0.000329045
0.000325419
0.000321749
0.000318007
0.000314363
0.000309165
0.000309105
0.000309569
0.000310256
0.000310911
0.000311529
0.000312108
0.000312644
0.00031313
0.000313559
0.000313941
0.000314286
0.000314613
0.000314942
0.00031526
0.000315603
0.000316002
0.000316478
0.000317046
0.000317714
0.000318488
0.000319368
0.000320346
0.000321414
0.000322562
0.00032378
0.00032506
0.000326393
0.00032777
0.000329185
0.000330627
0.000332077
0.000333503
0.000334943
0.000336399
0.000337868
0.000339346
0.000340832
0.000342322
0.000343812
0.000345298
0.000346776
0.000348241
0.000349688
0.000351113
0.000352508
0.000354536
0.000354304
0.000351779
0.000348792
0.000345707
0.00034252
0.000339241
0.000335874
0.000332421
0.000328884
0.000325271
0.000321612
0.000317883
0.000314247
0.000309212
0.000342917
0.000343354
0.000343834
0.00034427
0.000344668
0.00034503
0.000345357
0.000345638
0.000345877
0.000346082
0.00034626
0.00034642
0.000346575
0.000346745
0.00034695
0.000347202
0.000347508
0.000347877
0.000348315
0.000348835
0.00034944
0.000350127
0.000350891
0.000351729
0.000352634
0.0003536
0.000354621
0.000355693
0.000356813
0.000357977
0.000359179
0.000360415
0.000361679
0.000362968
0.000364281
0.000365612
0.00036696
0.000368319
0.000369686
0.000371056
0.000372423
0.000373782
0.000375128
0.000376454
0.000377771
0.000379558
0.000379518
0.000377623
0.000375324
0.000372921
0.000370413
0.000367808
0.000365108
0.000362319
0.00035944
0.000356455
0.000353398
0.000350264
0.00034712
0.00034279
0.000342634
0.000342978
0.000343484
0.000343955
0.000344385
0.000344775
0.000345123
0.000345419
0.000345667
0.000345873
0.000346048
0.000346201
0.000346345
0.000346503
0.000346695
0.000346936
0.000347234
0.000347596
0.000348031
0.000348549
0.000349154
0.000349841
0.000350606
0.000351444
0.000352349
0.000353315
0.000354336
0.000355407
0.000356526
0.000357688
0.000358889
0.000360124
0.000361387
0.000362676
0.000363989
0.000365321
0.00036667
0.000368032
0.000369402
0.000370774
0.000372145
0.000373509
0.00037486
0.000376191
0.000377515
0.000379309
0.000379277
0.000377389
0.000375098
0.000372704
0.000370207
0.000367612
0.000364924
0.000362146
0.000359278
0.000356306
0.00035326
0.000350139
0.000347008
0.000342834
0.000375475
0.000375794
0.000376093
0.000376339
0.000376542
0.000376708
0.00037684
0.000376924
0.000376967
0.000376979
0.000376968
0.000376948
0.000376902
0.000376869
0.000376868
0.000376908
0.00037697
0.000377067
0.000377219
0.000377455
0.000377772
0.000378163
0.000378628
0.000379165
0.000379778
0.00038046
0.000381208
0.00038202
0.000382894
0.000383822
0.000384795
0.000385802
0.00038685
0.000387936
0.000389056
0.000390209
0.000391388
0.00039259
0.00039381
0.000395042
0.00039628
0.000397519
0.000398752
0.000399973
0.000401199
0.000402782
0.000402937
0.00040167
0.000400073
0.000398366
0.000396551
0.000394639
0.000392635
0.000390543
0.000388362
0.000386086
0.000383727
0.000381281
0.000378754
0.000375382
0.000375155
0.000375387
0.000375704
0.00037598
0.000376213
0.000376407
0.00037656
0.000376662
0.000376717
0.000376735
0.000376726
0.000376705
0.000376658
0.000376621
0.000376615
0.000376653
0.000376714
0.000376809
0.000376959
0.000377193
0.00037751
0.000377901
0.000378366
0.000378903
0.000379515
0.000380196
0.000380943
0.000381754
0.000382626
0.000383551
0.000384521
0.000385527
0.000386573
0.000387658
0.000388779
0.000389932
0.000391113
0.000392317
0.000393539
0.000394773
0.000396015
0.000397258
0.000398495
0.000399721
0.000400952
0.000402543
0.000402703
0.000401443
0.000399854
0.000398157
0.000396352
0.000394449
0.000392456
0.000390374
0.000388204
0.00038594
0.000383593
0.00038116
0.000378651
0.000375402
0.000405519
0.000405704
0.000405817
0.000405876
0.000405888
0.000405863
0.000405804
0.00040571
0.000405556
0.000405377
0.000405177
0.000404956
0.000404725
0.000404497
0.000404286
0.000404097
0.000403936
0.000403812
0.000403742
0.000403749
0.000403826
0.000403937
0.000404116
0.000404386
0.000404729
0.000405145
0.000405637
0.000406199
0.000406825
0.0004075
0.000408231
0.000409016
0.000409846
0.00041072
0.00041164
0.000412601
0.000413601
0.000414634
0.000415696
0.00041678
0.00041788
0.000418991
0.000420105
0.000421218
0.000422346
0.000423706
0.000424053
0.000423403
0.000422468
0.000421396
0.000420234
0.000418986
0.000417653
0.000416236
0.000414734
0.000413139
0.000411464
0.000409708
0.000407857
0.000405425
0.00040519
0.000405297
0.000405416
0.000405495
0.000405533
0.000405531
0.000405491
0.000405419
0.000405284
0.000405111
0.000404919
0.000404706
0.00040448
0.000404256
0.000404048
0.000403862
0.000403703
0.00040358
0.000403511
0.000403518
0.000403596
0.000403707
0.000403884
0.000404152
0.000404492
0.000404906
0.000405396
0.000405955
0.000406577
0.000407249
0.000407978
0.000408761
0.000409589
0.000410463
0.000411382
0.000412343
0.000413343
0.000414378
0.000415441
0.000416527
0.00041763
0.000418744
0.000419861
0.000420978
0.00042211
0.000423475
0.000423828
0.000423185
0.00042226
0.000421198
0.000420044
0.000418805
0.000417482
0.000416075
0.000414583
0.000413
0.000411336
0.000409593
0.000407764
0.000405449
0.000431706
0.000431713
0.000431657
0.000431555
0.000431385
0.000431165
0.000430917
0.000430626
0.000430299
0.000429946
0.000429572
0.000429186
0.000428795
0.00042841
0.000428039
0.000427687
0.000427362
0.000427066
0.000426812
0.000426606
0.000426454
0.000426366
0.000426353
0.000426415
0.000426515
0.000426683
0.000426938
0.000427266
0.000427653
0.000428092
0.000428586
0.000429147
0.000429773
0.000430455
0.000431185
0.000431966
0.000432795
0.000433668
0.000434578
0.000435521
0.000436488
0.000437475
0.000438476
0.000439494
0.000440534
0.000441681
0.000442145
0.000442028
0.000441669
0.00044119
0.000440634
0.000439995
0.000439269
0.000438457
0.000437564
0.000436587
0.000435538
0.000434413
0.000433192
0.000431584
0.000431326
0.000431306
0.000431245
0.000431151
0.000431016
0.000430816
0.00043059
0.000430318
0.000430009
0.00042967
0.000429311
0.000428937
0.000428558
0.000428182
0.000427819
0.000427475
0.000427155
0.000426864
0.000426613
0.00042641
0.000426258
0.000426167
0.00042615
0.000426209
0.000426306
0.00042647
0.00042672
0.000427044
0.000427426
0.000427864
0.000428355
0.000428913
0.000429538
0.000430218
0.000430947
0.000431728
0.000432556
0.000433429
0.000434341
0.000435284
0.000436253
0.000437242
0.000438245
0.000439264
0.000440309
0.000441462
0.000441931
0.000441821
0.000441472
0.000441001
0.000440454
0.000439824
0.000439107
0.000438306
0.000437423
0.000436457
0.000435418
0.000434306
0.000433112
0.000431633
0.000452783
0.000452667
0.000452474
0.000452189
0.000451861
0.000451497
0.000451097
0.000450657
0.000450185
0.000449691
0.00044918
0.000448663
0.000448146
0.000447636
0.000447139
0.000446663
0.000446215
0.000445802
0.000445419
0.00044507
0.000444747
0.000444466
0.000444258
0.00044412
0.000444058
0.00044409
0.000444164
0.000444276
0.000444433
0.000444662
0.000444964
0.000445341
0.000445792
0.000446315
0.000446897
0.000447531
0.000448218
0.000448955
0.000449736
0.000450557
0.000451409
0.000452287
0.000453196
0.000454132
0.000455052
0.00045603
0.000456643
0.000456863
0.000456939
0.000456959
0.000456934
0.000456819
0.000456608
0.000456282
0.000455885
0.000455425
0.0004549
0.000454299
0.000453578
0.000452615
0.000452356
0.000452207
0.00045201
0.000451764
0.00045147
0.000451133
0.000450759
0.000450341
0.00044989
0.000449414
0.000448921
0.000448421
0.00044792
0.000447425
0.000446942
0.000446476
0.000446037
0.000445629
0.000445249
0.000444902
0.000444576
0.000444292
0.00044408
0.000443938
0.000443871
0.0004439
0.000443968
0.000444076
0.00044423
0.000444455
0.000444753
0.000445127
0.000445576
0.000446096
0.000446677
0.00044731
0.000447996
0.000448732
0.000449514
0.000450335
0.000451188
0.000452067
0.000452973
0.000453914
0.000454839
0.000455822
0.000456439
0.000456666
0.00045675
0.000456777
0.00045676
0.000456654
0.000456455
0.000456143
0.000455754
0.000455303
0.000454788
0.000454201
0.000453509
0.000452686
0.000467747
0.000467558
0.000467233
0.00046684
0.000466404
0.00046593
0.000465422
0.000464876
0.000464301
0.000463708
0.00046311
0.000462516
0.000461911
0.000461305
0.000460709
0.000460126
0.000459561
0.000459021
0.000458521
0.000458065
0.000457632
0.000457238
0.000456907
0.000456646
0.000456464
0.000456357
0.000456317
0.000456325
0.000456355
0.000456439
0.000456602
0.000456846
0.00045717
0.000457571
0.000458043
0.000458573
0.000459158
0.000459795
0.000460482
0.000461211
0.000461977
0.00046278
0.000463627
0.000464471
0.000465309
0.000466163
0.000466846
0.000467342
0.000467738
0.000468097
0.0004684
0.000468624
0.000468767
0.00046883
0.000468822
0.000468758
0.000468638
0.000468418
0.000468057
0.000467559
0.000467312
0.000467063
0.000466759
0.000466405
0.000466004
0.000465561
0.00046508
0.000464559
0.000464007
0.000463436
0.000462861
0.000462283
0.000461694
0.000461104
0.000460522
0.000459954
0.000459399
0.000458866
0.00045837
0.000457914
0.00045748
0.000457084
0.000456749
0.000456484
0.000456296
0.000456182
0.000456132
0.00045614
0.000456168
0.000456248
0.000456406
0.000456647
0.000456968
0.000457366
0.000457836
0.000458365
0.000458948
0.000459585
0.00046027
0.000460999
0.000461765
0.000462567
0.00046341
0.000464263
0.000465105
0.000465963
0.00046665
0.000467154
0.000467556
0.000467921
0.000468233
0.000468467
0.000468621
0.000468694
0.000468695
0.000468636
0.000468528
0.000468328
0.000468
0.000467648
0.00047564
0.000475403
0.000475001
0.000474546
0.000474048
0.000473514
0.000472947
0.000472342
0.00047171
0.000471066
0.000470426
0.000469767
0.000469103
0.000468442
0.000467793
0.000467159
0.000466539
0.000465948
0.000465393
0.000464871
0.00046439
0.000463947
0.000463557
0.000463234
0.000462983
0.000462803
0.000462688
0.00046262
0.000462619
0.000462647
0.000462728
0.000462889
0.00046314
0.000463472
0.000463878
0.000464351
0.000464879
0.000465461
0.000466093
0.00046677
0.000467488
0.000468251
0.00046905
0.000469844
0.000470638
0.000471426
0.000472155
0.0004728
0.000473387
0.000473925
0.000474412
0.000474825
0.000475166
0.000475432
0.000475635
0.000475774
0.000475834
0.000475786
0.000475669
0.000475475
0.000475248
0.000474912
0.000474533
0.000474111
0.000473646
0.000473142
0.000472602
0.000472024
0.000471415
0.000470793
0.000470174
0.000469536
0.000468891
0.000468247
0.000467613
0.000466993
0.000466384
0.000465801
0.000465251
0.000464729
0.000464248
0.000463804
0.00046341
0.000463082
0.000462824
0.000462636
0.000462515
0.000462442
0.000462439
0.000462465
0.000462542
0.000462699
0.000462946
0.000463275
0.000463679
0.00046415
0.000464676
0.000465257
0.000465889
0.000466565
0.000467282
0.000468042
0.000468844
0.000469642
0.000470438
0.000471229
0.000471964
0.000472616
0.000473209
0.000473754
0.000474249
0.000474672
0.000475022
0.000475298
0.00047551
0.000475659
0.000475731
0.0004757
0.000475612
0.000475538
)
;

boundaryField
{
    left
    {
        type            cyclic;
    }
    right
    {
        type            cyclic;
    }
    top
    {
        type            calculated;
        value           nonuniform List<scalar> 
120
(
0.00047564
0.000475403
0.000475001
0.000474546
0.000474048
0.000473514
0.000472947
0.000472342
0.00047171
0.000471066
0.000470426
0.000469767
0.000469103
0.000468442
0.000467793
0.000467159
0.000466539
0.000465948
0.000465393
0.000464871
0.00046439
0.000463947
0.000463557
0.000463234
0.000462983
0.000462803
0.000462688
0.00046262
0.000462619
0.000462647
0.000462728
0.000462889
0.00046314
0.000463472
0.000463878
0.000464351
0.000464879
0.000465461
0.000466093
0.00046677
0.000467488
0.000468251
0.00046905
0.000469844
0.000470638
0.000471426
0.000472155
0.0004728
0.000473387
0.000473925
0.000474412
0.000474825
0.000475166
0.000475432
0.000475635
0.000475774
0.000475834
0.000475786
0.000475669
0.000475475
0.000475248
0.000474912
0.000474533
0.000474111
0.000473646
0.000473142
0.000472602
0.000472024
0.000471415
0.000470793
0.000470174
0.000469536
0.000468891
0.000468247
0.000467613
0.000466993
0.000466384
0.000465801
0.000465251
0.000464729
0.000464248
0.000463804
0.00046341
0.000463082
0.000462824
0.000462636
0.000462515
0.000462442
0.000462439
0.000462465
0.000462542
0.000462699
0.000462946
0.000463275
0.000463679
0.00046415
0.000464676
0.000465257
0.000465889
0.000466565
0.000467282
0.000468042
0.000468844
0.000469642
0.000470438
0.000471229
0.000471964
0.000472616
0.000473209
0.000473754
0.000474249
0.000474672
0.000475022
0.000475298
0.00047551
0.000475659
0.000475731
0.0004757
0.000475612
0.000475538
)
;
    }
    bottom
    {
        type            calculated;
        value           uniform 0;
    }
    frontAndBack
    {
        type            empty;
    }
}


// ************************************************************************* //
