/*--------------------------------*- C++ -*----------------------------------*\
| =========                 |                                                 |
| \\      /  F ield         | OpenFOAM: The Open Source CFD Toolbox           |
|  \\    /   O peration     | Version:  5.x                                   |
|   \\  /    A nd           | Web:      www.OpenFOAM.org                      |
|    \\/     M anipulation  |                                                 |
\*---------------------------------------------------------------------------*/
FoamFile
{
    version     2.0;
    format      ascii;
    class       volScalarField;
    location    "300/surface";
    object      kMean;
}
// * * * * * * * * * * * * * * * * * * * * * * * * * * * * * * * * * * * * * //

dimensions      [0 2 -2 0 0 0 0];

internalField   nonuniform List<scalar> 
7200
(
3.12071e-08
4.5438e-08
7.66598e-08
1.10296e-07
1.54801e-07
1.9966e-07
2.45527e-07
2.91747e-07
3.37166e-07
3.80414e-07
4.1836e-07
4.51351e-07
4.77427e-07
4.98282e-07
5.12544e-07
5.21922e-07
5.26076e-07
5.26674e-07
5.24983e-07
5.21287e-07
5.14936e-07
5.07335e-07
4.98827e-07
4.89926e-07
4.80634e-07
4.71677e-07
4.62923e-07
4.5512e-07
4.47133e-07
4.40813e-07
4.33873e-07
4.29451e-07
4.23907e-07
4.21084e-07
4.17543e-07
4.16009e-07
4.15797e-07
4.14125e-07
4.20022e-07
4.17424e-07
4.34535e-07
4.24195e-07
4.77192e-07
4.42108e-07
5.31196e-07
1.08787e-06
2.88229e-07
4.81819e-08
2.77399e-08
2.84519e-08
2.85372e-08
2.81973e-08
2.75522e-08
2.75383e-08
2.77162e-08
2.81612e-08
2.97144e-08
3.28476e-08
3.70615e-08
3.79146e-08
3.11954e-08
4.54407e-08
7.66603e-08
1.10284e-07
1.54782e-07
1.99641e-07
2.45488e-07
2.91712e-07
3.3714e-07
3.80382e-07
4.18325e-07
4.51322e-07
4.77397e-07
4.98251e-07
5.12514e-07
5.21893e-07
5.26045e-07
5.26649e-07
5.24958e-07
5.21267e-07
5.14926e-07
5.07331e-07
4.98828e-07
4.89931e-07
4.80645e-07
4.7169e-07
4.62938e-07
4.55139e-07
4.47151e-07
4.40838e-07
4.339e-07
4.29477e-07
4.23936e-07
4.21115e-07
4.17574e-07
4.16037e-07
4.15828e-07
4.14159e-07
4.2006e-07
4.17475e-07
4.34631e-07
4.24246e-07
4.77239e-07
4.42149e-07
5.31397e-07
1.0879e-06
2.8823e-07
4.81632e-08
2.7729e-08
2.84495e-08
2.85387e-08
2.81956e-08
2.75476e-08
2.75393e-08
2.77161e-08
2.81654e-08
2.97191e-08
3.28517e-08
3.70686e-08
3.79254e-08
2.91509e-07
7.50937e-07
1.70858e-06
2.72743e-06
4.0682e-06
5.40704e-06
6.77238e-06
8.14369e-06
9.48907e-06
1.07589e-05
1.18757e-05
1.28281e-05
1.35896e-05
1.41891e-05
1.46047e-05
1.48741e-05
1.49943e-05
1.50118e-05
1.49643e-05
1.48572e-05
1.46727e-05
1.44519e-05
1.4205e-05
1.39466e-05
1.36769e-05
1.34171e-05
1.31628e-05
1.29365e-05
1.2704e-05
1.25199e-05
1.2317e-05
1.21885e-05
1.20263e-05
1.19448e-05
1.18413e-05
1.17981e-05
1.17926e-05
1.1746e-05
1.19209e-05
1.18486e-05
1.23535e-05
1.20587e-05
1.36206e-05
1.25918e-05
1.52292e-05
3.122e-05
8.29797e-06
9.75524e-07
1.30706e-07
1.23598e-07
1.31332e-07
1.28007e-07
1.14308e-07
1.1935e-07
1.30024e-07
1.47723e-07
1.97504e-07
2.95192e-07
4.309e-07
4.85514e-07
2.9156e-07
7.51018e-07
1.70851e-06
2.72717e-06
4.06776e-06
5.40651e-06
6.77154e-06
8.14279e-06
9.48831e-06
1.07581e-05
1.18748e-05
1.28273e-05
1.35888e-05
1.41882e-05
1.46039e-05
1.48734e-05
1.49936e-05
1.50111e-05
1.49636e-05
1.48567e-05
1.46724e-05
1.44518e-05
1.42051e-05
1.39469e-05
1.36772e-05
1.34175e-05
1.31633e-05
1.2937e-05
1.27046e-05
1.25206e-05
1.23178e-05
1.21893e-05
1.20271e-05
1.19457e-05
1.18423e-05
1.17991e-05
1.17936e-05
1.17471e-05
1.1922e-05
1.18497e-05
1.23549e-05
1.206e-05
1.3622e-05
1.25931e-05
1.52327e-05
3.1221e-05
8.29734e-06
9.7546e-07
1.30676e-07
1.23571e-07
1.31292e-07
1.27977e-07
1.14263e-07
1.19306e-07
1.30002e-07
1.47749e-07
1.97583e-07
2.95268e-07
4.30951e-07
4.85589e-07
1.90171e-06
5.09576e-06
1.1532e-05
1.79276e-05
2.58623e-05
3.33952e-05
4.08073e-05
4.79226e-05
5.45331e-05
6.05984e-05
6.59554e-05
7.05081e-05
7.42223e-05
7.71475e-05
7.9269e-05
8.0696e-05
8.14426e-05
8.1697e-05
8.16198e-05
8.12349e-05
8.0427e-05
7.94477e-05
7.83114e-05
7.71003e-05
7.58043e-05
7.45412e-05
7.32722e-05
7.21313e-05
7.09324e-05
6.99708e-05
6.88613e-05
6.81859e-05
6.71872e-05
6.67765e-05
6.59918e-05
6.5755e-05
6.54318e-05
6.51467e-05
6.55558e-05
6.51482e-05
6.68822e-05
6.53763e-05
7.16549e-05
6.53815e-05
7.69194e-05
0.000120743
4.20456e-05
7.1852e-06
9.34741e-07
6.5919e-07
7.22286e-07
7.04736e-07
5.95672e-07
6.06817e-07
6.54392e-07
7.62538e-07
1.09998e-06
1.76892e-06
2.73603e-06
3.15121e-06
1.90195e-06
5.0956e-06
1.15311e-05
1.79263e-05
2.58604e-05
3.3393e-05
4.08045e-05
4.79196e-05
5.45302e-05
6.05954e-05
6.59522e-05
7.05053e-05
7.42194e-05
7.71443e-05
7.92659e-05
8.06931e-05
8.144e-05
8.16946e-05
8.16176e-05
8.12334e-05
8.04264e-05
7.94478e-05
7.83121e-05
7.71016e-05
7.58061e-05
7.45433e-05
7.32747e-05
7.2134e-05
7.09355e-05
6.99743e-05
6.88652e-05
6.81899e-05
6.71914e-05
6.67808e-05
6.59963e-05
6.57596e-05
6.54367e-05
6.51517e-05
6.55608e-05
6.51534e-05
6.68876e-05
6.53819e-05
7.16606e-05
6.53871e-05
7.69294e-05
0.000120751
4.20428e-05
7.18486e-06
9.34717e-07
6.59213e-07
7.22304e-07
7.04726e-07
5.95491e-07
6.06487e-07
6.54122e-07
7.62485e-07
1.10024e-06
1.76917e-06
2.73632e-06
3.1516e-06
6.73446e-06
1.72076e-05
3.48939e-05
4.94326e-05
6.54593e-05
7.97988e-05
9.33672e-05
0.000106004
0.000117496
0.000127821
0.000136839
0.000144415
0.000150564
0.000155337
0.000158793
0.000161082
0.000162258
0.00016261
0.000162393
0.000161602
0.000160103
0.000158312
0.000156204
0.000153961
0.000151527
0.00014914
0.000146682
0.000144424
0.000142028
0.00014001
0.000137721
0.000136132
0.000133965
0.000132851
0.000130864
0.000130141
0.000128676
0.000127936
0.000127581
0.000126443
0.000127765
0.000125289
0.000132547
0.000123096
0.000137084
0.000174344
8.91495e-05
2.26716e-05
4.3799e-06
2.24471e-06
2.52957e-06
2.50594e-06
2.06038e-06
1.97171e-06
2.02034e-06
2.32959e-06
3.45364e-06
5.64951e-06
8.6783e-06
9.89852e-06
6.73419e-06
1.72063e-05
3.48914e-05
4.94296e-05
6.54556e-05
7.97947e-05
9.33628e-05
0.000105999
0.000117491
0.000127816
0.000136835
0.000144412
0.00015056
0.000155333
0.000158789
0.000161078
0.000162254
0.000162607
0.000162391
0.000161601
0.000160102
0.000158313
0.000156205
0.000153963
0.00015153
0.000149144
0.000146687
0.000144429
0.000142033
0.000140016
0.000137728
0.000136139
0.000133972
0.000132858
0.000130872
0.000130149
0.000128684
0.000127944
0.000127589
0.000126451
0.000127773
0.000125298
0.000132555
0.000123105
0.000137095
0.000174358
8.91483e-05
2.26706e-05
4.37989e-06
2.24488e-06
2.52978e-06
2.50608e-06
2.0602e-06
1.97129e-06
2.01992e-06
2.32925e-06
3.45395e-06
5.65005e-06
8.67914e-06
9.89965e-06
1.63808e-05
3.71535e-05
6.34906e-05
8.35805e-05
0.000104548
0.000123022
0.000140197
0.000155976
0.00017019
0.000182843
0.000193828
0.000202991
0.000210369
0.000216034
0.000220094
0.000222715
0.000223988
0.000224258
0.000223838
0.000222645
0.000220622
0.000218229
0.000215422
0.000212443
0.000209209
0.000206023
0.000202713
0.000199619
0.000196342
0.000193482
0.000190315
0.0001879
0.000184857
0.000182968
0.000180074
0.000178698
0.000176202
0.000175048
0.000173492
0.000171972
0.000171974
0.000169839
0.000173679
0.000167749
0.000176741
0.000203258
0.000142218
5.05544e-05
1.35108e-05
5.74371e-06
6.30744e-06
6.35669e-06
5.20985e-06
4.7535e-06
4.68913e-06
5.24765e-06
7.68094e-06
1.21544e-05
1.76876e-05
1.99335e-05
1.63794e-05
3.71507e-05
6.34865e-05
8.3576e-05
0.000104543
0.000123016
0.000140192
0.00015597
0.000170184
0.000182838
0.000193824
0.000202987
0.000210364
0.000216029
0.000220089
0.000222711
0.000223984
0.000224255
0.000223835
0.000222645
0.000220622
0.000218231
0.000215425
0.000212447
0.000209214
0.000206029
0.000202719
0.000199626
0.000196349
0.00019349
0.000190324
0.000187909
0.000184866
0.000182977
0.000180084
0.000178708
0.000176213
0.000175058
0.000173502
0.000171983
0.000171985
0.00016985
0.00017369
0.00016776
0.000176752
0.000203272
0.000142224
5.05544e-05
1.35108e-05
5.74415e-06
6.30809e-06
6.35718e-06
5.20984e-06
4.75312e-06
4.68871e-06
5.24713e-06
7.68117e-06
1.21553e-05
1.7689e-05
1.99354e-05
2.926e-05
5.96235e-05
8.97679e-05
0.000113569
0.00013736
0.000158551
0.000178145
0.000196068
0.000212179
0.000226466
0.000238825
0.000249076
0.000257272
0.00026351
0.000267928
0.000270701
0.000271957
0.000272092
0.000271445
0.000269849
0.000267378
0.000264471
0.000261094
0.000257515
0.000253657
0.000249841
0.00024588
0.000242127
0.000238187
0.000234664
0.000230855
0.000227769
0.000224105
0.000221544
0.000218039
0.000216045
0.000212854
0.000211275
0.000208733
0.000207204
0.000205916
0.000204
0.000204927
0.00020211
0.000205461
0.000223489
0.000190804
8.72788e-05
3.24489e-05
1.3442e-05
1.26354e-05
1.25702e-05
1.05521e-05
9.29121e-06
8.92411e-06
9.53827e-06
1.32845e-05
1.97803e-05
2.74349e-05
3.08931e-05
2.92573e-05
5.96194e-05
8.97626e-05
0.000113563
0.000137354
0.000158544
0.000178138
0.000196061
0.000212173
0.000226461
0.000238821
0.000249071
0.000257267
0.000263504
0.000267923
0.000270696
0.000271953
0.000272089
0.000271443
0.000269849
0.000267379
0.000264473
0.000261098
0.00025752
0.000253663
0.000249848
0.000245887
0.000242136
0.000238196
0.000234674
0.000230865
0.000227779
0.000224116
0.000221555
0.00021805
0.000216056
0.000212866
0.000211287
0.000208746
0.000207216
0.000205929
0.000204012
0.000204939
0.000202123
0.000205474
0.000223505
0.000190813
8.72797e-05
3.2449e-05
1.34428e-05
1.26367e-05
1.25712e-05
1.05524e-05
9.29099e-06
8.92388e-06
9.53785e-06
1.32846e-05
1.97814e-05
2.74367e-05
3.08955e-05
4.34514e-05
8.10289e-05
0.000112305
0.000139056
0.000164927
0.000188354
0.000209969
0.000229709
0.000247428
0.000263094
0.00027659
0.000287716
0.000296551
0.000303212
0.000307863
0.000310686
0.000311853
0.000311822
0.000310902
0.00030888
0.000305981
0.000302584
0.000298685
0.000294557
0.000290147
0.00028577
0.000281247
0.000276914
0.000272417
0.000268317
0.000263984
0.000260309
0.000256157
0.000252996
0.000249041
0.000246467
0.000242792
0.000240756
0.000237525
0.000235905
0.000233425
0.000232001
0.000230756
0.000229446
0.000229393
0.000241755
0.000226512
0.000125614
5.99896e-05
2.76983e-05
2.23647e-05
2.10097e-05
1.80347e-05
1.55682e-05
1.46546e-05
1.49961e-05
1.95257e-05
2.73888e-05
3.64733e-05
4.20545e-05
4.34475e-05
8.10237e-05
0.000112299
0.00013905
0.000164921
0.000188347
0.000209961
0.000229701
0.000247421
0.000263089
0.000276585
0.000287711
0.000296545
0.000303206
0.000307857
0.000310681
0.000311849
0.000311819
0.0003109
0.000308881
0.000305983
0.000302588
0.000298689
0.000294563
0.000290155
0.000285778
0.000281256
0.000276924
0.000272427
0.000268328
0.000263996
0.000260321
0.00025617
0.000253008
0.000249054
0.00024648
0.000242806
0.00024077
0.000237539
0.000235919
0.000233439
0.000232015
0.00023077
0.00022946
0.000229407
0.000241772
0.000226524
0.000125617
5.99899e-05
2.76993e-05
2.23668e-05
2.10111e-05
1.80353e-05
1.55682e-05
1.46547e-05
1.49959e-05
1.95258e-05
2.73901e-05
3.64754e-05
4.20575e-05
5.81343e-05
9.98872e-05
0.000131751
0.000161077
0.000188821
0.000214326
0.000237827
0.000259261
0.000278456
0.000295373
0.000309867
0.000321731
0.000331079
0.000338052
0.000342836
0.000345626
0.000346636
0.000346411
0.000345159
0.00034269
0.000339361
0.00033548
0.000331075
0.000326425
0.000321503
0.000316605
0.000311567
0.000306699
0.000301703
0.000297079
0.000292287
0.000288078
0.000283507
0.000279798
0.000275478
0.000272354
0.000268323
0.000265792
0.000262098
0.000260211
0.000256904
0.000255649
0.00025281
0.000252316
0.000249731
0.000259683
0.000249139
0.000167484
9.5604e-05
5.00461e-05
3.6571e-05
3.20155e-05
2.74484e-05
2.34929e-05
2.16608e-05
2.15197e-05
2.60525e-05
3.47243e-05
4.47043e-05
5.26814e-05
5.81295e-05
9.98813e-05
0.000131744
0.00016107
0.000188814
0.000214318
0.000237818
0.000259252
0.000278449
0.000295367
0.000309862
0.000321725
0.000331073
0.000338046
0.00034283
0.000345621
0.000346633
0.000346409
0.000345158
0.000342691
0.000339364
0.000335484
0.000331081
0.000326432
0.000321512
0.000316614
0.000311578
0.00030671
0.000301715
0.000297091
0.0002923
0.000288092
0.000283521
0.000279812
0.000275492
0.000272369
0.000268338
0.000265807
0.000262113
0.000260226
0.00025692
0.000255664
0.000252826
0.000252331
0.000249747
0.000259701
0.000249154
0.000167488
9.56049e-05
5.00472e-05
3.65737e-05
3.20175e-05
2.74494e-05
2.34932e-05
2.16611e-05
2.15198e-05
2.60528e-05
3.47257e-05
4.47069e-05
5.26849e-05
7.27748e-05
0.00011619
0.000148855
0.000180527
0.000210135
0.000237666
0.000263004
0.000286078
0.000306667
0.000324738
0.000340117
0.000352595
0.000362342
0.000369515
0.000374327
0.000376992
0.000377778
0.000377314
0.000375657
0.00037273
0.000368958
0.000364591
0.000359696
0.000354546
0.000349144
0.000343756
0.000338239
0.000332873
0.000327424
0.00032232
0.000317114
0.000312415
0.00030747
0.000303262
0.000298625
0.000294988
0.00029067
0.000287636
0.000283623
0.000281332
0.000277513
0.000276048
0.00027232
0.000271752
0.000267714
0.000275858
0.000266522
0.000203228
0.000133409
8.07033e-05
5.70845e-05
4.64168e-05
3.90358e-05
3.32304e-05
2.9906e-05
2.90494e-05
3.28461e-05
4.17965e-05
5.257e-05
6.21604e-05
7.2769e-05
0.000116183
0.000148848
0.00018052
0.000210127
0.000237658
0.000262995
0.00028607
0.000306659
0.000324732
0.000340111
0.000352589
0.000362335
0.000369509
0.000374321
0.000376988
0.000377775
0.000377312
0.000375657
0.000372732
0.000368962
0.000364597
0.000359703
0.000354554
0.000349153
0.000343767
0.000338251
0.000332886
0.000327437
0.000322334
0.000317128
0.00031243
0.000307486
0.000303278
0.000298641
0.000295005
0.000290687
0.000287652
0.00028364
0.000281349
0.00027753
0.000276064
0.000272337
0.000271768
0.000267731
0.000275876
0.000266538
0.000203236
0.000133411
8.07046e-05
5.70878e-05
4.64196e-05
3.90374e-05
3.32311e-05
2.99066e-05
2.90497e-05
3.28467e-05
4.17982e-05
5.2573e-05
6.21642e-05
8.62421e-05
0.000130399
0.000164162
0.00019805
0.000229571
0.000259111
0.00028626
0.000310937
0.000332842
0.000351959
0.000368095
0.00038105
0.000391059
0.000398298
0.000403012
0.000405446
0.000405934
0.000405172
0.000403033
0.000399631
0.000395404
0.000390553
0.000385187
0.000379565
0.00037372
0.000367883
0.000361927
0.000356107
0.00035025
0.000344718
0.000339138
0.000334
0.000328718
0.000324066
0.000319146
0.000315044
0.000310477
0.000306963
0.000302715
0.000299951
0.000295823
0.000293978
0.000289684
0.000288662
0.00028365
0.00028976
0.000280655
0.000231228
0.000167419
0.000114754
8.3528e-05
6.57192e-05
5.35208e-05
4.51669e-05
3.97457e-05
3.7621e-05
4.0086e-05
4.87049e-05
6.01028e-05
7.10739e-05
8.62358e-05
0.000130392
0.000164155
0.000198043
0.000229564
0.000259103
0.000286251
0.000310928
0.000332834
0.000351953
0.000368088
0.000381043
0.000391052
0.000398292
0.000403006
0.000405442
0.000405932
0.000405171
0.000403034
0.000399634
0.000395409
0.00039056
0.000385195
0.000379575
0.000373731
0.000367895
0.00036194
0.000356121
0.000350265
0.000344733
0.000339154
0.000334016
0.000328735
0.000324083
0.000319163
0.000315062
0.000310495
0.000306981
0.000302733
0.000299969
0.000295841
0.000293996
0.000289702
0.00028868
0.000283667
0.000289778
0.000280673
0.000231239
0.000167423
0.000114756
8.35318e-05
6.57228e-05
5.35231e-05
4.51682e-05
3.97465e-05
3.76216e-05
4.00871e-05
4.87069e-05
6.01062e-05
7.10777e-05
9.84041e-05
0.00014298
0.000178083
0.000214104
0.000247597
0.000279131
0.000308058
0.000334265
0.00035738
0.000377389
0.00039411
0.000407362
0.000417451
0.000424585
0.000429048
0.000431124
0.000431249
0.000430103
0.00042741
0.00042353
0.000418845
0.000413527
0.00040772
0.000401668
0.00039543
0.000389193
0.000382852
0.000376638
0.000370435
0.000364535
0.000358634
0.000353115
0.000347545
0.000342511
0.000337345
0.000332836
0.000328053
0.000324103
0.000319674
0.000316417
0.000312112
0.000309776
0.000305132
0.000303492
0.00029776
0.000301598
0.000292474
0.000252095
0.000198437
0.000147472
0.000114968
9.17544e-05
7.26607e-05
6.00586e-05
5.18294e-05
4.7552e-05
4.81049e-05
5.56434e-05
6.73499e-05
7.93857e-05
9.83975e-05
0.000142972
0.000178076
0.000214097
0.000247589
0.000279122
0.000308049
0.000334256
0.000357371
0.000377381
0.000394103
0.000407354
0.000417444
0.000424578
0.000429043
0.00043112
0.000431247
0.000430103
0.000427412
0.000423534
0.000418851
0.000413535
0.000407729
0.000401679
0.000395442
0.000389207
0.000382867
0.000376654
0.000370451
0.000364552
0.000358651
0.000353132
0.000347563
0.00034253
0.000337363
0.000332855
0.000328072
0.000324122
0.000319693
0.000316436
0.000312131
0.000309795
0.000305151
0.000303511
0.000297778
0.000301616
0.000292492
0.000252108
0.000198444
0.000147475
0.000114972
9.17589e-05
7.2664e-05
6.00606e-05
5.18306e-05
4.7553e-05
4.81063e-05
5.5646e-05
6.73537e-05
7.93898e-05
0.000109319
0.000154323
0.000190956
0.000229044
0.000264549
0.000298036
0.000328663
0.000356273
0.000380422
0.000401096
0.000418164
0.000431473
0.000441407
0.000448215
0.000452237
0.000453803
0.000453516
0.000451842
0.000448557
0.000444204
0.000439076
0.000433332
0.00042714
0.000420723
0.00041416
0.000407597
0.000400947
0.000394422
0.000387953
0.000381767
0.000375611
0.000369789
0.000363994
0.000358656
0.000353293
0.000348446
0.000343488
0.000339162
0.000334597
0.000330868
0.000326479
0.000323526
0.000318802
0.000316442
0.000310181
0.000311732
0.000302668
0.000268295
0.000225514
0.000177009
0.000145362
0.000122006
9.85728e-05
7.95244e-05
6.71021e-05
5.95017e-05
5.74549e-05
6.29538e-05
7.44431e-05
8.71552e-05
0.000109312
0.000154316
0.000190949
0.000229037
0.000264542
0.000298028
0.000328654
0.000356263
0.000380413
0.000401087
0.000418155
0.000431465
0.0004414
0.000448208
0.000452232
0.0004538
0.000453514
0.000451843
0.000448561
0.00044421
0.000439083
0.000433341
0.000427151
0.000420736
0.000414174
0.000407612
0.000400962
0.000394438
0.00038797
0.000381785
0.000375629
0.000369807
0.000364013
0.000358676
0.000353312
0.000348465
0.000343508
0.000339182
0.000334618
0.000330887
0.000326499
0.000323545
0.000318822
0.000316461
0.0003102
0.000311751
0.000302688
0.000268311
0.000225523
0.000177014
0.000145366
0.000122011
9.85772e-05
7.95274e-05
6.7104e-05
5.95032e-05
5.74569e-05
6.29571e-05
7.44474e-05
8.71597e-05
0.000119177
0.000164788
0.00020311
0.000243191
0.000280708
0.000316048
0.000348228
0.000377032
0.000401957
0.000422985
0.000440074
0.000453204
0.000462737
0.000468972
0.000472329
0.000473214
0.000472405
0.000470008
0.000466109
0.000461243
0.000455663
0.000449549
0.000443058
0.000436371
0.000429575
0.000422786
0.000415936
0.000409215
0.000402587
0.000396217
0.0003899
0.000383875
0.000377942
0.000372394
0.000366899
0.000361799
0.000356722
0.000352099
0.000347445
0.000343297
0.000338889
0.000335296
0.000330638
0.000327511
0.000321032
0.000320301
0.000311804
0.000281643
0.00024644
0.000203233
0.000172848
0.000152637
0.000130111
0.000105588
8.69473e-05
7.44498e-05
6.89236e-05
7.12187e-05
8.16401e-05
9.45189e-05
0.00011917
0.00016478
0.000203103
0.000243185
0.000280701
0.00031604
0.000348219
0.000377022
0.000401947
0.000422975
0.000440065
0.000453196
0.00046273
0.000468966
0.000472325
0.000473212
0.000472404
0.000470011
0.000466113
0.00046125
0.000455672
0.000449559
0.00044307
0.000436384
0.00042959
0.000422802
0.000415953
0.000409233
0.000402606
0.000396236
0.000389919
0.000383895
0.000377962
0.000372414
0.00036692
0.000361819
0.000356743
0.000352119
0.000347465
0.000343317
0.000338909
0.000335316
0.000330658
0.000327531
0.000321051
0.00032032
0.000311824
0.000281661
0.000246452
0.00020324
0.000172852
0.000152643
0.000130117
0.000105592
8.69501e-05
7.44519e-05
6.89262e-05
7.12226e-05
8.16451e-05
9.45241e-05
0.00012829
0.000174781
0.000214921
0.000256898
0.000296352
0.000333366
0.000366855
0.000396523
0.000421919
0.00044295
0.000459643
0.000472209
0.000480964
0.000486278
0.000488677
0.000488722
0.000487199
0.000483932
0.000479422
0.000474058
0.000468073
0.000461676
0.000454993
0.000448147
0.000441223
0.00043432
0.000427418
0.000420646
0.000413989
0.000407564
0.000401207
0.00039511
0.000389149
0.000383505
0.000377967
0.000372719
0.000367598
0.000362774
0.000358082
0.000353606
0.000349221
0.000345053
0.000340533
0.00033654
0.000330383
0.000327298
0.000319826
0.000293272
0.000262715
0.000226107
0.000196229
0.000180314
0.000163288
0.000138728
0.000113526
9.41433e-05
8.32021e-05
8.13602e-05
8.94164e-05
0.000101727
0.000128282
0.000174773
0.000214915
0.000256891
0.000296346
0.000333358
0.000366846
0.000396512
0.000421908
0.00044294
0.000459634
0.000472201
0.000480957
0.000486273
0.000488674
0.000488721
0.0004872
0.000483936
0.000479429
0.000474066
0.000468083
0.000461688
0.000455007
0.000448162
0.000441239
0.000434338
0.000427436
0.000420665
0.000414009
0.000407584
0.000401227
0.000395131
0.00038917
0.000383526
0.000377988
0.00037274
0.000367619
0.000362796
0.000358104
0.000353627
0.000349242
0.000345074
0.000340554
0.00033656
0.000330403
0.000327318
0.000319846
0.00029329
0.000262729
0.000226116
0.000196235
0.00018032
0.000163294
0.000138734
0.00011353
9.41463e-05
8.32055e-05
8.13648e-05
8.94221e-05
0.000101733
0.000137149
0.000184827
0.000226874
0.000270603
0.000311822
0.000350198
0.00038468
0.000414752
0.000440099
0.000460545
0.000476199
0.000487363
0.000494389
0.000498042
0.000499009
0.000498079
0.000495492
0.000491492
0.000486554
0.00048094
0.000474852
0.000468443
0.000461811
0.00045506
0.000448257
0.000441491
0.000434783
0.000428185
0.000421694
0.000415392
0.000409179
0.000403168
0.000397309
0.000391702
0.000386232
0.000380965
0.000375894
0.000370987
0.00036632
0.000361636
0.000357307
0.000352695
0.00034833
0.000343515
0.000337861
0.00033281
0.00032637
0.00030368
0.000276445
0.000244626
0.000215595
0.000202301
0.000193208
0.000174999
0.000148431
0.000121245
0.000102024
9.43803e-05
9.85704e-05
0.000109206
0.000137141
0.000184819
0.000226867
0.000270596
0.000311815
0.00035019
0.000384671
0.000414742
0.000440087
0.000460534
0.000476189
0.000487355
0.000494383
0.000498038
0.000499007
0.000498079
0.000495496
0.000491498
0.000486562
0.00048095
0.000474865
0.000468457
0.000461826
0.000455077
0.000448275
0.00044151
0.000434802
0.000428206
0.000421715
0.000415413
0.0004092
0.000403189
0.00039733
0.000391724
0.000386254
0.000380987
0.000375916
0.000371009
0.000366342
0.000361658
0.000357329
0.000352717
0.000348351
0.000343535
0.000337881
0.00033283
0.000326391
0.000303699
0.000276461
0.000244637
0.000215603
0.000202307
0.000193215
0.000175006
0.000148437
0.000121249
0.000102028
9.43857e-05
9.85769e-05
0.000109213
0.000146548
0.000195643
0.000239644
0.000284893
0.000327584
0.000366864
0.000401763
0.000431427
0.000455506
0.000473879
0.000486922
0.000495455
0.000500365
0.00050239
0.000502149
0.000500292
0.000496819
0.000492345
0.000487166
0.000481499
0.000475508
0.000469304
0.000462964
0.000456565
0.000450147
0.00044378
0.000437454
0.000431218
0.000425069
0.000419068
0.000413213
0.000407527
0.000401972
0.000396592
0.000391354
0.000386237
0.000381345
0.000376493
0.000371949
0.000367204
0.000362971
0.000358089
0.000353868
0.000348419
0.000343213
0.000336746
0.000331115
0.00031285
0.000288694
0.000260048
0.000232249
0.00021823
0.000215688
0.000207977
0.000188249
0.000157621
0.000128737
0.000111856
0.000110397
0.000117715
0.000146538
0.000195634
0.000239637
0.000284886
0.000327577
0.000366856
0.000401754
0.000431416
0.000455495
0.000473868
0.000486913
0.000495447
0.00050036
0.000502387
0.000502148
0.000500295
0.000496825
0.000492354
0.000487177
0.000481511
0.000475522
0.00046932
0.000462981
0.000456583
0.000450166
0.0004438
0.000437475
0.000431239
0.00042509
0.00041909
0.000413235
0.000407549
0.000401994
0.000396614
0.000391377
0.00038626
0.000381367
0.000376516
0.000371972
0.000367226
0.000362993
0.000358111
0.000353889
0.00034844
0.000343233
0.000336766
0.000331135
0.00031287
0.000288711
0.000260062
0.000232259
0.000218237
0.000215695
0.000207984
0.000188256
0.000157627
0.000128742
0.000111862
0.000110404
0.000117723
0.000157787
0.000208274
0.000254176
0.000300643
0.000344274
0.000383596
0.000417325
0.00044474
0.000465349
0.000480144
0.000490412
0.0004965
0.000499147
0.00049918
0.000497607
0.000494364
0.000490129
0.000485265
0.000479993
0.000474478
0.000468832
0.000463127
0.000457405
0.000451706
0.000446036
0.000440429
0.000434863
0.000429363
0.000423915
0.000418565
0.000413277
0.000408079
0.000402972
0.00039797
0.000393102
0.000388281
0.000383673
0.000379004
0.000374681
0.000370028
0.000365953
0.000361007
0.000356919
0.000351095
0.000346228
0.000338861
0.000333984
0.000320371
0.000299685
0.000273978
0.000246768
0.000229772
0.000230144
0.000231222
0.000224119
0.000200807
0.000166116
0.000137234
0.000126577
0.000128601
0.000157776
0.000208265
0.000254168
0.000300636
0.000344267
0.000383587
0.000417315
0.000444729
0.000465338
0.000480134
0.000490404
0.000496493
0.000499144
0.000499179
0.000497609
0.00049437
0.000490137
0.000485275
0.000480006
0.000474492
0.000468848
0.000463144
0.000457424
0.000451725
0.000446056
0.00044045
0.000434884
0.000429384
0.000423937
0.000418587
0.000413299
0.000408102
0.000402995
0.000397993
0.000393125
0.000388304
0.000383696
0.000379027
0.000374704
0.00037005
0.000365975
0.000361028
0.00035694
0.000351116
0.000346249
0.000338881
0.000334004
0.000320391
0.000299704
0.000273994
0.00024678
0.00022978
0.000230152
0.000231229
0.000224127
0.000200815
0.000166122
0.000137241
0.000126584
0.00012861
0.000172688
0.000224302
0.000271874
0.000319045
0.000362034
0.000399068
0.00042931
0.000451897
0.000468504
0.000479864
0.000486497
0.000489409
0.00048952
0.00048795
0.000484672
0.000480435
0.000475654
0.000470591
0.000465412
0.000460232
0.000455116
0.000450094
0.000445181
0.000440376
0.000435661
0.000431034
0.000426465
0.000421954
0.000417476
0.000413048
0.00040864
0.000404258
0.000399909
0.000395581
0.000391328
0.000387029
0.000382892
0.000378595
0.000374616
0.000370199
0.000366345
0.0003615
0.000357551
0.000351624
0.000347009
0.000339211
0.000334983
0.000325814
0.00030924
0.000286763
0.000260849
0.000239848
0.000239015
0.000244932
0.000249286
0.000240311
0.000212248
0.000174412
0.000150586
0.000143434
0.000172675
0.000224292
0.000271866
0.000319037
0.000362026
0.000399058
0.000429299
0.000451886
0.000468494
0.000479856
0.00048649
0.000489404
0.000489519
0.000487952
0.000484677
0.000480442
0.000475664
0.000470603
0.000465426
0.000460248
0.000455133
0.000450113
0.0004452
0.000440396
0.000435682
0.000431055
0.000426486
0.000421976
0.000417498
0.000413071
0.000408663
0.000404281
0.000399932
0.000395604
0.000391351
0.000387052
0.000382915
0.000378618
0.000374638
0.000370221
0.000366367
0.000361521
0.000357572
0.000351645
0.00034703
0.000339231
0.000335003
0.000325835
0.00030926
0.000286781
0.000260863
0.000239858
0.000239024
0.000244941
0.000249294
0.000240319
0.000212255
0.00017442
0.000150594
0.000143443
0.000193676
0.000246068
0.000294584
0.000339969
0.00037934
0.000411391
0.000435408
0.00045313
0.000464989
0.000471873
0.000474797
0.000474705
0.000472911
0.000469303
0.000464823
0.000459895
0.000454807
0.000449758
0.000444857
0.000440175
0.000435728
0.000431515
0.000427515
0.0004237
0.000420031
0.000416478
0.000413003
0.000409587
0.000406197
0.000402824
0.000399443
0.000396043
0.000392632
0.000389172
0.000385728
0.000382167
0.000378696
0.000374989
0.000371521
0.000367538
0.000364047
0.000359521
0.000355787
0.000350017
0.000345696
0.000337772
0.00033425
0.000328878
0.000317043
0.000298169
0.000274956
0.000250301
0.000244531
0.000249814
0.000264045
0.000268171
0.000256229
0.000222447
0.000187085
0.00016454
0.000193663
0.000246058
0.000294575
0.00033996
0.00037933
0.00041138
0.000435397
0.00045312
0.00046498
0.000471867
0.000474793
0.000474704
0.000472912
0.000469308
0.00046483
0.000459905
0.000454819
0.000449772
0.000444873
0.000440191
0.000435746
0.000431534
0.000427535
0.00042372
0.000420051
0.000416499
0.000413024
0.000409608
0.000406219
0.000402845
0.000399465
0.000396065
0.000392654
0.000389195
0.00038575
0.000382189
0.000378718
0.000375011
0.000371543
0.00036756
0.000364068
0.000359542
0.000355808
0.000350038
0.000345716
0.000337792
0.000334269
0.000328898
0.000317063
0.000298187
0.000274972
0.000250313
0.000244541
0.000249823
0.000264054
0.00026818
0.000256238
0.000222456
0.000187094
0.00016455
0.000223846
0.000275586
0.000321856
0.000361619
0.000394213
0.000418312
0.000436179
0.000447896
0.000454494
0.000457066
0.000456594
0.00045428
0.000450179
0.000445254
0.000439992
0.000434708
0.000429603
0.000424813
0.000420386
0.00041635
0.000412682
0.000409347
0.000406302
0.000403493
0.000400868
0.000398381
0.000395984
0.000393645
0.000391329
0.000389009
0.000386664
0.000384269
0.000381832
0.000379303
0.000376738
0.000374015
0.000371313
0.000368331
0.000365493
0.00036212
0.000359112
0.000355111
0.000351705
0.000346337
0.000342364
0.000334579
0.000331977
0.000329559
0.000322521
0.000307862
0.000288214
0.000263195
0.000249663
0.000251942
0.000263942
0.000284004
0.000286924
0.000270817
0.000235731
0.000195841
0.000223834
0.000275575
0.000321845
0.000361608
0.000394201
0.0004183
0.000436169
0.000447887
0.000454488
0.000457064
0.000456594
0.000454283
0.000450184
0.000445262
0.000440002
0.00043472
0.000429616
0.000424828
0.000420402
0.000416367
0.0004127
0.000409366
0.000406321
0.000403512
0.000400887
0.000398401
0.000396004
0.000393665
0.00039135
0.00038903
0.000386685
0.000384289
0.000381853
0.000379324
0.000376759
0.000374036
0.000371334
0.000368352
0.000365514
0.000362141
0.000359132
0.000355132
0.000351725
0.000346358
0.000342384
0.000334599
0.000331997
0.000329579
0.00032254
0.000307882
0.000288232
0.00026321
0.000249674
0.000251952
0.000263951
0.000284013
0.000286933
0.000270827
0.00023574
0.00019585
0.000265994
0.000311679
0.000350564
0.000381141
0.000403694
0.000419825
0.000430697
0.000436228
0.000437913
0.000436844
0.000433751
0.00042903
0.000423603
0.00041795
0.000412402
0.000407181
0.000402402
0.000398138
0.000394378
0.000391117
0.000388293
0.000385855
0.00038374
0.000381877
0.000380213
0.000378694
0.000377267
0.000375892
0.000374536
0.000373164
0.000371752
0.000370274
0.000368735
0.000367078
0.000365349
0.000363444
0.000361502
0.000359272
0.000357088
0.000354402
0.000351929
0.000348569
0.000345628
0.000340862
0.000337283
0.000329896
0.000328266
0.000328336
0.000325071
0.000315522
0.000299759
0.000277383
0.000257599
0.000254267
0.000261409
0.000281919
0.000304528
0.000303813
0.000286539
0.000240084
0.000265984
0.000311668
0.000350552
0.000381127
0.000403681
0.000419813
0.000430688
0.000436222
0.00043791
0.000436844
0.000433755
0.000429037
0.000423611
0.000417961
0.000412413
0.000407194
0.000402416
0.000398153
0.000394394
0.000391134
0.00038831
0.000385873
0.000383758
0.000381895
0.000380232
0.000378713
0.000377286
0.000375911
0.000374555
0.000373184
0.000371772
0.000370294
0.000368755
0.000367098
0.000365368
0.000363464
0.000361522
0.000359292
0.000357108
0.000354422
0.000351949
0.000348588
0.000345647
0.000340881
0.000337302
0.000329915
0.000328286
0.000328355
0.00032509
0.000315542
0.000299777
0.0002774
0.000257613
0.000254278
0.000261419
0.000281928
0.000304537
0.000303824
0.00028655
0.000240093
0.000312621
0.000347151
0.000374506
0.000392967
0.000406366
0.000414624
0.000418683
0.000418643
0.000416746
0.000412577
0.000407202
0.000401307
0.000395338
0.000389625
0.00038436
0.000379662
0.000375564
0.00037208
0.00036915
0.000366744
0.000364774
0.000363189
0.000361911
0.000360868
0.000360016
0.000359297
0.000358658
0.000358066
0.000357484
0.00035688
0.000356226
0.000355504
0.000354708
0.000353785
0.000352765
0.000351575
0.0003503
0.000348755
0.000347173
0.000345154
0.000343196
0.000340492
0.000338074
0.000334011
0.000330856
0.000324062
0.000323324
0.000325631
0.000324828
0.000319986
0.000308952
0.000290756
0.000269632
0.000257841
0.00026022
0.000273429
0.000301948
0.000321604
0.000321203
0.000289119
0.000312612
0.00034714
0.000374493
0.000392953
0.000406353
0.000414614
0.000418677
0.000418639
0.000416746
0.000412582
0.00040721
0.000401316
0.000395349
0.000389637
0.000384372
0.000379675
0.000375578
0.000372094
0.000369165
0.00036676
0.00036479
0.000363206
0.000361927
0.000360885
0.000360033
0.000359314
0.000358676
0.000358084
0.000357502
0.000356898
0.000356244
0.000355522
0.000354727
0.000353804
0.000352784
0.000351594
0.000350319
0.000348774
0.000347192
0.000345173
0.000343215
0.000340511
0.000338093
0.000334029
0.000330875
0.000324081
0.000323343
0.00032565
0.000324848
0.000320006
0.000308971
0.000290774
0.000269648
0.000257854
0.000260232
0.000273439
0.000301958
0.000321615
0.000321214
0.00028913
0.000348387
0.000369892
0.000385402
0.000395214
0.000400479
0.000401598
0.000400263
0.000396711
0.000391473
0.000385509
0.000379295
0.000373218
0.000367552
0.000362457
0.000358013
0.000354239
0.000351097
0.00034856
0.000346536
0.00034499
0.000343814
0.000342979
0.000342389
0.000341993
0.000341763
0.000341635
0.000341567
0.000341539
0.000341512
0.000341455
0.000341347
0.000341183
0.000340937
0.000340563
0.000340084
0.000339456
0.000338709
0.000337723
0.000336646
0.000335199
0.000333694
0.000331623
0.000329664
0.000326285
0.000323564
0.00031746
0.000317379
0.000321479
0.00032314
0.000321282
0.000315066
0.000301865
0.000283155
0.00026582
0.000261186
0.000266652
0.000288978
0.000317577
0.000340624
0.00032575
0.000348379
0.000369882
0.00038539
0.000395202
0.000400468
0.000401592
0.000400259
0.000396712
0.000391477
0.000385516
0.000379304
0.000373229
0.000367564
0.000362469
0.000358026
0.000354252
0.00035111
0.000348573
0.000346549
0.000345004
0.000343828
0.000342993
0.000342404
0.000342008
0.000341779
0.000341651
0.000341584
0.000341555
0.000341528
0.000341472
0.000341364
0.000341201
0.000340955
0.00034058
0.000340101
0.000339474
0.000338727
0.000337741
0.000336664
0.000335218
0.000333713
0.000331641
0.000329682
0.000326303
0.000323582
0.000317478
0.000317397
0.000321497
0.000323159
0.000321301
0.000315085
0.000301884
0.000283172
0.000265836
0.000261199
0.000266664
0.000288988
0.000317587
0.000340635
0.000325761
0.000362654
0.000375576
0.000383048
0.000385295
0.000384399
0.000381457
0.000376384
0.00037049
0.000364212
0.000358003
0.00035216
0.000346874
0.000342255
0.000338322
0.000335067
0.000332437
0.000330362
0.000328795
0.000327628
0.000326852
0.000326337
0.000326099
0.000326012
0.000326073
0.000326261
0.000326519
0.000326816
0.000327131
0.000327442
0.000327725
0.00032796
0.000328134
0.00032824
0.000328224
0.000328114
0.000327884
0.000327506
0.000326933
0.000326245
0.000325231
0.000324122
0.00032255
0.000320958
0.000318172
0.000315857
0.000310498
0.000310777
0.000316021
0.000319803
0.000320167
0.000317629
0.000309903
0.000295387
0.000277876
0.000265231
0.000265555
0.00027508
0.000299812
0.000338013
0.000343133
0.000362647
0.000375567
0.000383038
0.000385287
0.000384393
0.000381454
0.000376384
0.000370493
0.000364218
0.00035801
0.000352169
0.000346885
0.000342267
0.000338334
0.000335079
0.000332449
0.000330373
0.000328806
0.000327639
0.000326864
0.00032635
0.000326113
0.000326025
0.000326087
0.000326276
0.000326534
0.00032683
0.000327146
0.000327457
0.000327741
0.000327976
0.00032815
0.000328256
0.00032824
0.00032813
0.000327901
0.000327523
0.00032695
0.000326262
0.000325248
0.000324139
0.000322567
0.000320976
0.00031819
0.000315874
0.000310515
0.000310795
0.00031604
0.000319822
0.000320186
0.000317648
0.000309921
0.000295405
0.000277893
0.000265245
0.000265568
0.000275092
0.000299822
0.000338024
0.000343144
0.000357808
0.000363893
0.000364992
0.000363703
0.000360185
0.000354951
0.000349124
0.00034323
0.000337611
0.000332498
0.000328013
0.000324201
0.000321054
0.000318508
0.000316526
0.000315018
0.000313926
0.000313198
0.000312735
0.000312562
0.000312525
0.000312671
0.000312939
0.000313288
0.000313704
0.000314161
0.000314638
0.000315118
0.000315587
0.000316029
0.000316429
0.000316772
0.000317055
0.000317244
0.000317343
0.000317312
0.000317174
0.000316883
0.000316456
0.000315739
0.00031497
0.000313707
0.00031239
0.000310075
0.000308109
0.000303438
0.000303911
0.000309697
0.000314827
0.000317575
0.000317191
0.000313715
0.000304754
0.000290194
0.000274785
0.000267165
0.000269925
0.000281727
0.000319056
0.000341607
0.000357803
0.000363883
0.000364985
0.000363697
0.000360181
0.00035495
0.000349124
0.000343232
0.000337616
0.000332504
0.00032802
0.00032421
0.000321063
0.000318518
0.000316536
0.000315028
0.000313935
0.000313208
0.000312745
0.000312572
0.000312536
0.000312683
0.000312951
0.000313301
0.000313717
0.000314175
0.000314652
0.000315132
0.000315601
0.000316043
0.000316443
0.000316787
0.00031707
0.000317259
0.000317359
0.000317328
0.00031719
0.0003169
0.000316472
0.000315756
0.000314986
0.000313724
0.000312407
0.000310092
0.000308126
0.000303455
0.000303928
0.000309715
0.000314846
0.000317593
0.00031721
0.000313734
0.000304773
0.000290212
0.000274801
0.000267179
0.000269938
0.00028174
0.000319068
0.000341615
0.000336464
0.000337935
0.000337363
0.000335379
0.000331665
0.000327272
0.000322781
0.000318518
0.000314698
0.000311407
0.000308686
0.000306502
0.000304799
0.000303507
0.000302606
0.000301993
0.000301654
0.000301531
0.000301547
0.000301749
0.000302039
0.000302413
0.000302849
0.000303324
0.000303827
0.000304345
0.000304864
0.000305376
0.000305871
0.000306339
0.000306771
0.000307154
0.000307485
0.000307741
0.000307919
0.000307998
0.000307941
0.000307796
0.000307527
0.000307014
0.000306441
0.000305372
0.000304241
0.000302277
0.000300592
0.00029652
0.000297055
0.000302925
0.000308705
0.000313128
0.000315208
0.000314167
0.000309881
0.000300093
0.000286742
0.000273223
0.00027028
0.000273543
0.00029062
0.000327967
0.000336454
0.000337926
0.000337356
0.000335373
0.000331661
0.00032727
0.00032278
0.000318518
0.0003147
0.000311411
0.000308692
0.000306509
0.000304808
0.000303515
0.000302615
0.000302002
0.000301663
0.00030154
0.000301557
0.000301758
0.000302049
0.000302423
0.00030286
0.000303336
0.000303839
0.000304357
0.000304877
0.000305389
0.000305884
0.000306353
0.000306785
0.000307168
0.000307499
0.000307756
0.000307934
0.000308013
0.000307957
0.000307811
0.000307542
0.00030703
0.000306457
0.000305388
0.000304257
0.000302293
0.000300608
0.000296536
0.000297072
0.000302942
0.000308722
0.000313146
0.000315226
0.000314186
0.000309899
0.000300111
0.00028676
0.000273239
0.000270295
0.000273557
0.000290633
0.000327976
0.000308777
0.000309582
0.000309227
0.000308283
0.000306458
0.000304144
0.00030178
0.000299573
0.000297679
0.000296107
0.000294899
0.00029401
0.000293383
0.000292984
0.000292825
0.000292784
0.000292898
0.000293139
0.000293447
0.000293828
0.000294252
0.000294705
0.000295179
0.000295661
0.000296146
0.000296627
0.000297098
0.000297554
0.000297989
0.000298399
0.000298775
0.000299112
0.000299402
0.000299633
0.000299798
0.000299886
0.000299847
0.000299739
0.00029953
0.000299128
0.000298621
0.000297672
0.00029666
0.000294943
0.000293473
0.000289898
0.000290402
0.000296039
0.000301944
0.000307234
0.00031124
0.000312525
0.000311137
0.000306232
0.000296784
0.000283935
0.0002741
0.000272976
0.000278255
0.000303355
0.000308765
0.000309572
0.000309219
0.000308277
0.000306453
0.000304141
0.000301778
0.000299573
0.00029768
0.000296111
0.000294904
0.000294017
0.00029339
0.000292992
0.000292833
0.000292792
0.000292907
0.000293147
0.000293456
0.000293837
0.000294261
0.000294715
0.000295189
0.000295672
0.000296157
0.000296638
0.00029711
0.000297566
0.000298002
0.000298411
0.000298788
0.000299125
0.000299415
0.000299647
0.000299811
0.0002999
0.000299861
0.000299753
0.000299544
0.000299142
0.000298636
0.000297687
0.000296676
0.000294959
0.000293488
0.000289913
0.000290418
0.000296055
0.000301961
0.000307251
0.000311258
0.000312543
0.000311155
0.000306251
0.000296801
0.000283952
0.000274116
0.000272991
0.00027827
0.000303365
0.00028958
0.000290488
0.000290426
0.000290197
0.000289703
0.000288893
0.000288067
0.000287302
0.00028671
0.000286315
0.000286082
0.000285975
0.000285965
0.000286075
0.000286284
0.000286552
0.000286873
0.000287241
0.000287632
0.000288043
0.000288463
0.000288885
0.000289303
0.000289714
0.000290113
0.000290499
0.000290868
0.000291218
0.000291546
0.000291849
0.000292121
0.000292361
0.000292559
0.00029271
0.000292805
0.000292831
0.000292767
0.000292636
0.000292415
0.000292023
0.000291521
0.000290632
0.000289688
0.000288136
0.000286822
0.000283643
0.000284067
0.000289275
0.00029496
0.000300499
0.000305512
0.000308975
0.000309733
0.000308062
0.000303247
0.000293894
0.000282802
0.000275742
0.000275449
0.000287471
0.000289567
0.000290477
0.000290418
0.000290191
0.000289699
0.000288891
0.000288066
0.000287304
0.000286713
0.00028632
0.000286088
0.000285982
0.000285973
0.000286084
0.000286292
0.000286561
0.000286882
0.000287249
0.000287641
0.000288052
0.000288472
0.000288894
0.000289312
0.000289724
0.000290124
0.00029051
0.000290879
0.000291229
0.000291557
0.00029186
0.000292133
0.000292373
0.000292572
0.000292723
0.000292818
0.000292844
0.00029278
0.00029265
0.000292428
0.000292037
0.000291534
0.000290646
0.000289702
0.00028815
0.000286837
0.000283657
0.000284082
0.000289291
0.000294977
0.000300516
0.00030553
0.000308993
0.000309751
0.00030808
0.000303264
0.000293911
0.000282819
0.000275758
0.000275464
0.000287484
0.000281623
0.000282107
0.000282036
0.000281903
0.000281716
0.000281443
0.000281191
0.00028097
0.000280891
0.000280901
0.000281031
0.000281238
0.000281473
0.000281741
0.000282039
0.000282354
0.000282682
0.000283018
0.000283355
0.000283691
0.00028402
0.00028434
0.000284648
0.000284941
0.000285219
0.000285479
0.000285721
0.000285942
0.000286141
0.000286317
0.000286466
0.000286586
0.000286667
0.000286711
0.000286706
0.000286641
0.000286521
0.000286316
0.000286045
0.000285612
0.000285075
0.000284204
0.000283288
0.000281842
0.000280639
0.000277764
0.000278093
0.000282782
0.000288043
0.000293427
0.000298769
0.000303361
0.000306494
0.000306789
0.000305186
0.0003006
0.000291526
0.000283462
0.000276669
0.000280468
0.000281608
0.000282095
0.000282028
0.000281896
0.000281712
0.000281442
0.000281192
0.000280973
0.000280895
0.000280906
0.000281039
0.000281246
0.000281482
0.00028175
0.000282047
0.000282363
0.00028269
0.000283026
0.000283363
0.000283699
0.000284028
0.000284348
0.000284657
0.00028495
0.000285228
0.000285489
0.000285731
0.000285952
0.000286151
0.000286328
0.000286476
0.000286597
0.000286679
0.000286722
0.000286718
0.000286652
0.000286533
0.000286328
0.000286057
0.000285625
0.000285088
0.000284217
0.000283302
0.000281855
0.000280653
0.000277778
0.000278107
0.000282797
0.000288059
0.000293444
0.000298786
0.000303378
0.000306511
0.000306807
0.000305204
0.000300617
0.000291543
0.000283479
0.000276684
0.000280482
0.000280191
0.000280112
0.000279879
0.000279544
0.00027924
0.000278953
0.000278672
0.000278415
0.000278305
0.000278281
0.000278368
0.000278559
0.000278753
0.000278953
0.000279158
0.000279365
0.000279573
0.000279781
0.000279985
0.000280185
0.000280376
0.000280558
0.000280727
0.000280884
0.000281025
0.000281149
0.000281257
0.000281345
0.000281412
0.00028146
0.000281482
0.00028148
0.000281437
0.000281368
0.000281262
0.000281096
0.000280883
0.000280593
0.000280256
0.000279761
0.00027917
0.000278291
0.000277378
0.000275998
0.000274872
0.000272226
0.000272467
0.000276625
0.000281371
0.00028637
0.000291588
0.000296595
0.000300926
0.000303682
0.000303892
0.000302456
0.000297406
0.000292064
0.000281689
0.000280192
0.000280177
0.0002801
0.00027987
0.000279538
0.000279236
0.000278952
0.000278673
0.000278417
0.000278309
0.000278286
0.000278376
0.000278567
0.000278762
0.000278962
0.000279166
0.000279373
0.000279581
0.000279789
0.000279993
0.000280192
0.000280384
0.000280566
0.000280735
0.000280892
0.000281033
0.000281158
0.000281266
0.000281354
0.000281422
0.000281469
0.000281492
0.00028149
0.000281448
0.000281379
0.000281272
0.000281107
0.000280894
0.000280604
0.000280267
0.000279773
0.000279182
0.000278303
0.00027739
0.00027601
0.000274884
0.000272238
0.00027248
0.000276638
0.000281386
0.000286385
0.000291604
0.000296612
0.000300943
0.000303699
0.000303909
0.000302474
0.000297423
0.000292081
0.000281705
0.000280207
0.000282372
0.000281867
0.000281117
0.000280299
0.000279527
0.000278813
0.0002782
0.000277689
0.000277301
0.000277018
0.000276923
0.000276892
0.000276891
0.000276895
0.000276906
0.000276926
0.000276952
0.000276985
0.000277021
0.000277058
0.000277094
0.000277125
0.00027715
0.000277167
0.000277173
0.000277166
0.000277145
0.000277107
0.000277052
0.000276982
0.000276887
0.000276768
0.000276619
0.000276439
0.000276226
0.000275964
0.00027566
0.000275285
0.000274874
0.000274316
0.000273667
0.000272769
0.000271847
0.000270509
0.000269437
0.000266963
0.000267136
0.000270807
0.000275026
0.00027954
0.000284373
0.000289328
0.000294066
0.000298149
0.000300607
0.000301099
0.000299271
0.000296503
0.000289473
0.000282828
0.000282357
0.000281855
0.000281108
0.000280293
0.000279523
0.000278811
0.0002782
0.000277691
0.000277305
0.000277024
0.00027693
0.0002769
0.000276899
0.000276904
0.000276915
0.000276934
0.00027696
0.000276992
0.000277028
0.000277065
0.000277101
0.000277132
0.000277157
0.000277174
0.00027718
0.000277173
0.000277153
0.000277116
0.000277061
0.00027699
0.000276896
0.000276777
0.000276628
0.000276448
0.000276235
0.000275974
0.000275669
0.000275295
0.000274884
0.000274326
0.000273678
0.000272779
0.000271858
0.00027052
0.000269448
0.000266974
0.000267147
0.00027082
0.000275039
0.000279555
0.000284389
0.000289344
0.000294083
0.000298166
0.000300624
0.000301116
0.000299288
0.000296519
0.00028949
0.000282844
0.000286328
0.000285022
0.0002836
0.000282172
0.000280819
0.000279574
0.000278457
0.000277535
0.000276793
0.0002762
0.000275786
0.000275477
0.0002752
0.000274953
0.000274733
0.000274539
0.000274367
0.000274215
0.000274078
0.000273953
0.000273836
0.000273724
0.000273613
0.0002735
0.000273382
0.000273258
0.000273123
0.000272977
0.000272815
0.000272639
0.000272443
0.000272225
0.000271982
0.000271708
0.000271403
0.000271056
0.00027067
0.000270221
0.000269739
0.000269126
0.000268426
0.000267511
0.000266577
0.000265273
0.000264241
0.000261903
0.000262028
0.000265287
0.000269019
0.000273037
0.000277371
0.000282005
0.000286641
0.000291277
0.00029478
0.000297695
0.000297751
0.000297015
0.000294019
0.000287717
0.000286313
0.00028501
0.000283591
0.000282166
0.000280815
0.000279572
0.000278457
0.000277537
0.000276796
0.000276205
0.000275792
0.000275484
0.000275207
0.00027496
0.000274741
0.000274546
0.000274374
0.000274222
0.000274085
0.000273959
0.000273842
0.00027373
0.000273619
0.000273507
0.000273389
0.000273265
0.000273131
0.000272984
0.000272823
0.000272647
0.000272451
0.000272233
0.00027199
0.000271716
0.000271412
0.000271065
0.000270678
0.00027023
0.000269747
0.000269135
0.000268435
0.00026752
0.000266587
0.000265283
0.00026425
0.000261912
0.000262038
0.000265298
0.000269031
0.00027305
0.000277386
0.00028202
0.000286657
0.000291293
0.000294796
0.000297712
0.000297768
0.000297032
0.000294035
0.000287733
0.000288867
0.000286859
0.000284872
0.000282995
0.00028126
0.000279673
0.00027825
0.000276998
0.000275924
0.000275026
0.000274309
0.000273705
0.000273161
0.000272673
0.000272236
0.000271843
0.00027149
0.00027117
0.000270878
0.000270609
0.000270359
0.000270121
0.000269893
0.00026967
0.000269448
0.000269224
0.000268996
0.000268759
0.000268511
0.00026825
0.000267973
0.000267676
0.000267356
0.000267008
0.000266631
0.000266215
0.000265763
0.000265255
0.000264714
0.00026406
0.000263323
0.0002624
0.000261461
0.000260191
0.000259194
0.000256969
0.000257067
0.000259996
0.000263311
0.000266874
0.000270697
0.000274888
0.000279154
0.000283797
0.000287697
0.000291685
0.000293868
0.000294968
0.000294088
0.000291027
0.000288853
0.000286847
0.000284863
0.000282989
0.000281256
0.000279671
0.00027825
0.000277
0.000275927
0.00027503
0.000274315
0.000273711
0.000273168
0.00027268
0.000272242
0.00027185
0.000271496
0.000271176
0.000270884
0.000270615
0.000270365
0.000270127
0.000269899
0.000269676
0.000269454
0.00026923
0.000269002
0.000268765
0.000268518
0.000268257
0.000267979
0.000267683
0.000267363
0.000267015
0.000266638
0.000266223
0.000265771
0.000265262
0.000264721
0.000264067
0.000263331
0.000262407
0.000261468
0.000260199
0.000259202
0.000256977
0.000257075
0.000260005
0.000263322
0.000266886
0.00027071
0.000274902
0.000279169
0.000283812
0.000287713
0.000291701
0.000293885
0.000294984
0.000294104
0.000291043
0.000289003
0.000286761
0.00028454
0.000282403
0.000280399
0.00027855
0.000276875
0.000275381
0.000274077
0.000272959
0.000272024
0.000271189
0.000270438
0.000269761
0.000269153
0.000268604
0.000268107
0.000267654
0.00026724
0.000266858
0.000266501
0.000266165
0.000265845
0.000265535
0.000265232
0.000264932
0.000264631
0.000264325
0.000264012
0.000263689
0.000263351
0.000262996
0.000262621
0.00026222
0.000261791
0.000261327
0.000260828
0.000260279
0.000259695
0.000259018
0.000258261
0.000257343
0.000256409
0.000255182
0.000254219
0.0002521
0.000252186
0.000254857
0.000257836
0.000261009
0.00026437
0.000268092
0.000271896
0.000276214
0.000280109
0.000284379
0.000287549
0.000290345
0.000291545
0.000291019
0.00028899
0.00028675
0.000284532
0.000282396
0.000280395
0.000278548
0.000276874
0.000275382
0.000274079
0.000272963
0.000272028
0.000271195
0.000270443
0.000269767
0.000269158
0.000268609
0.000268112
0.00026766
0.000267246
0.000266863
0.000266506
0.00026617
0.00026585
0.00026554
0.000265237
0.000264937
0.000264636
0.000264331
0.000264018
0.000263695
0.000263357
0.000263002
0.000262627
0.000262226
0.000261797
0.000261333
0.000260834
0.000260285
0.000259701
0.000259024
0.000258267
0.000257349
0.000256415
0.000255188
0.000254225
0.000252106
0.000252192
0.000254864
0.000257844
0.000261019
0.000264381
0.000268104
0.00027191
0.000276229
0.000280124
0.000284395
0.000287565
0.000290361
0.000291561
0.000291035
0.000286592
0.000284208
0.000281898
0.000279695
0.000277626
0.000275708
0.000273956
0.000272378
0.000270982
0.00026977
0.000268707
0.000267742
0.000266865
0.000266073
0.000265355
0.000264704
0.000264112
0.00026357
0.000263072
0.000262611
0.000262181
0.000261776
0.000261391
0.000261021
0.000260661
0.000260308
0.000259958
0.000259606
0.00025925
0.000258885
0.000258508
0.000258117
0.000257706
0.000257273
0.000256813
0.000256321
0.000255795
0.000255224
0.000254617
0.000253934
0.000253175
0.000252277
0.00025136
0.000250187
0.000249263
0.000247251
0.000247337
0.000249803
0.000252518
0.000255373
0.000258348
0.000261631
0.000264985
0.000268831
0.000272492
0.000276581
0.000280138
0.000283577
0.000286088
0.000288349
0.000286578
0.000284198
0.00028189
0.000279688
0.000277621
0.000275705
0.000273955
0.000272379
0.000270984
0.000269774
0.000268711
0.000267746
0.00026687
0.000266077
0.00026536
0.000264709
0.000264116
0.000263575
0.000263077
0.000262616
0.000262185
0.00026178
0.000261395
0.000261025
0.000260666
0.000260313
0.000259963
0.000259611
0.000259254
0.00025889
0.000258513
0.000258122
0.000257711
0.000257277
0.000256818
0.000256325
0.000255799
0.000255229
0.000254621
0.000253938
0.00025318
0.000252281
0.000251365
0.000250191
0.000249267
0.000247255
0.000247341
0.000249809
0.000252525
0.000255381
0.000258357
0.000261642
0.000264997
0.000268844
0.000272505
0.000276596
0.000280153
0.000283592
0.000286103
0.000288364
0.000281451
0.000279253
0.000277104
0.000275039
0.000273083
0.000271256
0.000269572
0.000268043
0.000266674
0.000265467
0.000264369
0.000263361
0.000262439
0.000261599
0.000260833
0.000260134
0.000259494
0.000258906
0.000258362
0.000257858
0.000257386
0.000256942
0.000256519
0.000256115
0.000255723
0.00025534
0.000254962
0.000254585
0.000254205
0.000253819
0.000253424
0.000253015
0.000252588
0.000252141
0.000251669
0.000251168
0.000250634
0.00025006
0.000249448
0.000248777
0.000248033
0.000247169
0.000246283
0.000245174
0.000244294
0.000242396
0.000242489
0.000244786
0.000247292
0.000249892
0.000252559
0.000255463
0.000258425
0.00026178
0.000265101
0.000268801
0.000272304
0.000275959
0.000278726
0.000282698
0.000281438
0.000279243
0.000277096
0.000275032
0.000273078
0.000271253
0.000269571
0.000268043
0.000266675
0.00026547
0.000264372
0.000263364
0.000262442
0.000261602
0.000260837
0.000260138
0.000259498
0.00025891
0.000258366
0.000257862
0.00025739
0.000256946
0.000256523
0.000256119
0.000255727
0.000255344
0.000254966
0.000254589
0.000254209
0.000253823
0.000253428
0.000253018
0.000252592
0.000252145
0.000251673
0.000251171
0.000250637
0.000250063
0.000249451
0.00024878
0.000248036
0.000247172
0.000246286
0.000245177
0.000244297
0.000242398
0.000242491
0.00024479
0.000247297
0.000249898
0.000252566
0.000255471
0.000258435
0.000261791
0.000265113
0.000268814
0.000272318
0.000275974
0.000278741
0.000282713
0.000274518
0.000272658
0.000270777
0.000268952
0.000267207
0.000265562
0.000264036
0.000262633
0.000261377
0.000260229
0.000259164
0.000258179
0.000257272
0.000256439
0.000255674
0.000254971
0.000254324
0.000253725
0.00025317
0.000252653
0.000252168
0.00025171
0.000251275
0.000250858
0.000250456
0.000250063
0.000249677
0.000249293
0.000248908
0.000248518
0.00024812
0.000247711
0.000247286
0.000246841
0.000246374
0.000245879
0.000245353
0.000244792
0.000244193
0.000243548
0.000242834
0.000242017
0.000241173
0.000240138
0.000239307
0.000237531
0.000237635
0.000239781
0.000242114
0.000244505
0.000246929
0.000249518
0.000252156
0.000255075
0.000258032
0.000261297
0.000264497
0.000268084
0.000270721
0.000275373
0.000274506
0.000272649
0.00027077
0.000268946
0.000267203
0.00026556
0.000264035
0.000262634
0.000261378
0.00026023
0.000259166
0.000258181
0.000257275
0.000256442
0.000255677
0.000254975
0.000254327
0.000253729
0.000253174
0.000252656
0.000252171
0.000251714
0.000251279
0.000250862
0.000250459
0.000250067
0.00024968
0.000249296
0.000248911
0.000248522
0.000248124
0.000247714
0.000247288
0.000246844
0.000246376
0.000245881
0.000245355
0.000244794
0.000244194
0.00024355
0.000242836
0.000242018
0.000241174
0.000240139
0.000239308
0.000237531
0.000237636
0.000239783
0.000242117
0.000244509
0.000246934
0.000249525
0.000252164
0.000255084
0.000258042
0.000261308
0.000264509
0.000268096
0.000270734
0.000275387
0.000266743
0.000265214
0.000263598
0.000262024
0.00026051
0.000259075
0.000257734
0.000256494
0.000255369
0.000254312
0.000253324
0.000252403
0.00025155
0.00025076
0.00025003
0.000249354
0.000248728
0.000248147
0.000247605
0.000247098
0.000246622
0.000246172
0.000245744
0.000245333
0.000244937
0.000244552
0.000244173
0.000243797
0.000243421
0.000243042
0.000242656
0.000242259
0.000241848
0.00024142
0.00024097
0.000240495
0.000239991
0.000239457
0.000238883
0.000238276
0.000237603
0.000236839
0.000236046
0.000235092
0.000234316
0.000232671
0.000232788
0.000234787
0.000236963
0.000239173
0.0002414
0.000243732
0.000246105
0.000248664
0.00025128
0.000254144
0.000256958
0.000260293
0.000262663
0.000267403
0.000266732
0.000265205
0.000263591
0.000262018
0.000260506
0.000259073
0.000257733
0.000256494
0.000255369
0.000254313
0.000253325
0.000252405
0.000251552
0.000250762
0.000250032
0.000249357
0.000248731
0.00024815
0.000247608
0.000247102
0.000246625
0.000246175
0.000245747
0.000245337
0.00024494
0.000244555
0.000244176
0.0002438
0.000243424
0.000243044
0.000242658
0.000242261
0.00024185
0.000241421
0.000240971
0.000240496
0.000239992
0.000239457
0.000238883
0.000238276
0.000237602
0.000236839
0.000236046
0.000235092
0.000234315
0.00023267
0.000232787
0.000234787
0.000236964
0.000239175
0.000241403
0.000243736
0.00024611
0.00024867
0.000251288
0.000254152
0.000256968
0.000260303
0.000262674
0.000267414
0.000258764
0.000257475
0.00025609
0.000254737
0.000253433
0.000252193
0.000251028
0.000249953
0.000248948
0.000247996
0.000247102
0.000246264
0.000245482
0.000244754
0.000244077
0.000243448
0.000242862
0.000242315
0.000241804
0.000241324
0.000240872
0.000240444
0.000240037
0.000239647
0.00023927
0.000238903
0.000238543
0.000238187
0.000237832
0.000237473
0.000237108
0.000236734
0.000236348
0.000235945
0.000235523
0.000235078
0.000234606
0.000234107
0.000233567
0.000233004
0.000232379
0.000231676
0.00023094
0.000230072
0.000229354
0.000227847
0.000227974
0.000229823
0.000231846
0.000233889
0.000235941
0.000238059
0.000240209
0.000242479
0.000244798
0.000247314
0.000249768
0.000252748
0.000254883
0.000259308
0.000258756
0.000257468
0.000256084
0.000254733
0.00025343
0.000252192
0.000251028
0.000249954
0.000248948
0.000247997
0.000247103
0.000246266
0.000245484
0.000244757
0.00024408
0.00024345
0.000242864
0.000242318
0.000241807
0.000241327
0.000240875
0.000240447
0.00024004
0.000239649
0.000239272
0.000238906
0.000238546
0.000238189
0.000237833
0.000237475
0.00023711
0.000236735
0.000236349
0.000235946
0.000235523
0.000235078
0.000234606
0.000234106
0.000233566
0.000233002
0.000232377
0.000231674
0.000230938
0.000230069
0.000229351
0.000227844
0.000227971
0.000229822
0.000231845
0.000233889
0.000235942
0.000238061
0.000240212
0.000242483
0.000244803
0.000247321
0.000249775
0.000252756
0.000254892
0.000259318
0.000250928
0.000249808
0.000248599
0.000247424
0.000246292
0.000245215
0.000244202
0.000243264
0.00024237
0.000241523
0.000240723
0.000239971
0.000239267
0.000238608
0.000237993
0.000237418
0.000236881
0.000236379
0.000235908
0.000235466
0.000235048
0.000234652
0.000234275
0.000233913
0.000233564
0.000233225
0.000232892
0.000232563
0.000232234
0.000231903
0.000231567
0.000231223
0.000230867
0.000230497
0.000230108
0.000229699
0.000229265
0.000228803
0.000228301
0.000227787
0.000227215
0.000226575
0.000225902
0.000225121
0.000224464
0.000223102
0.000223234
0.000224926
0.000226789
0.000228668
0.000230554
0.000232482
0.000234436
0.000236467
0.000238533
0.000240754
0.000242906
0.000245514
0.000247422
0.000251395
0.000250922
0.000249802
0.000248595
0.000247421
0.00024629
0.000245214
0.000244202
0.000243264
0.000242371
0.000241524
0.000240724
0.000239973
0.000239269
0.00023861
0.000237995
0.000237421
0.000236884
0.000236382
0.000235911
0.000235469
0.000235051
0.000234655
0.000234277
0.000233916
0.000233566
0.000233227
0.000232894
0.000232564
0.000232235
0.000231904
0.000231568
0.000231223
0.000230867
0.000230496
0.000230107
0.000229697
0.000229263
0.000228801
0.000228298
0.000227784
0.000227212
0.000226572
0.000225899
0.000225117
0.000224461
0.000223098
0.00022323
0.000224923
0.000226787
0.000228666
0.000230553
0.000232482
0.000234436
0.000236469
0.000238536
0.000240757
0.00024291
0.000245519
0.000247428
0.000251403
0.000243372
0.000242377
0.000241306
0.00024027
0.000239275
0.000238332
0.000237445
0.00023662
0.000235827
0.000235076
0.000234366
0.000233697
0.000233068
0.000232479
0.000231928
0.000231411
0.000230928
0.000230475
0.000230049
0.000229649
0.000229271
0.000228912
0.00022857
0.000228242
0.000227926
0.000227618
0.000227317
0.000227019
0.000226722
0.000226423
0.000226119
0.000225808
0.000225486
0.000225151
0.000224799
0.000224426
0.00022403
0.000223601
0.000223149
0.000222686
0.000222169
0.000221595
0.000220987
0.000220293
0.0002197
0.000218484
0.000218617
0.000220143
0.000221837
0.000223547
0.000225266
0.000227014
0.000228784
0.000230607
0.000232455
0.000234418
0.000236323
0.000238588
0.000240281
0.000243784
0.000243368
0.000242374
0.000241304
0.000240268
0.000239275
0.000238332
0.000237445
0.000236621
0.000235829
0.000235078
0.000234368
0.000233699
0.000233071
0.000232482
0.00023193
0.000231414
0.000230931
0.000230478
0.000230052
0.000229652
0.000229273
0.000228914
0.000228572
0.000228244
0.000227928
0.00022762
0.000227318
0.00022702
0.000226723
0.000226423
0.000226119
0.000225807
0.000225485
0.000225149
0.000224797
0.000224424
0.000224027
0.000223598
0.000223146
0.000222682
0.000222165
0.000221591
0.000220983
0.000220289
0.000219695
0.000218479
0.000218612
0.000220138
0.000221834
0.000223543
0.000225264
0.000227012
0.000228783
0.000230607
0.000232455
0.000234419
0.000236325
0.000238591
0.000240285
0.000243789
0.000236139
0.000235243
0.000234288
0.000233368
0.000232489
0.000231658
0.000230877
0.000230154
0.000229453
0.000228789
0.000228161
0.00022757
0.000227014
0.000226493
0.000226004
0.000225546
0.000225117
0.000224714
0.000224336
0.00022398
0.000223643
0.000223324
0.00022302
0.000222729
0.000222448
0.000222175
0.000221907
0.000221642
0.000221378
0.000221112
0.000220842
0.000220564
0.000220277
0.000219975
0.000219658
0.000219319
0.000218956
0.000218565
0.00021818
0.000217765
0.000217304
0.000216795
0.000216254
0.000215646
0.000215114
0.000214046
0.000214175
0.000215528
0.000217044
0.000218577
0.000220124
0.000221693
0.000223283
0.000224912
0.000226561
0.000228294
0.000229987
0.000231952
0.00023345
0.000236515
0.000236138
0.000235242
0.000234288
0.000233369
0.00023249
0.000231659
0.000230878
0.000230156
0.000229454
0.000228791
0.000228164
0.000227573
0.000227017
0.000226496
0.000226007
0.000225549
0.00022512
0.000224718
0.000224339
0.000223983
0.000223646
0.000223327
0.000223022
0.000222731
0.000222449
0.000222176
0.000221908
0.000221643
0.000221378
0.000221112
0.000220841
0.000220563
0.000220275
0.000219973
0.000219655
0.000219316
0.000218952
0.00021856
0.000218176
0.000217761
0.000217299
0.00021679
0.000216249
0.000215641
0.000215109
0.000214041
0.000214169
0.000215523
0.00021704
0.000218573
0.00022012
0.00022169
0.00022328
0.00022491
0.00022656
0.000228293
0.000229987
0.000231952
0.000233451
0.000236518
0.000229245
0.000228436
0.000227587
0.000226772
0.000225997
0.000225266
0.00022458
0.000223947
0.000223339
0.000222755
0.000222205
0.000221687
0.000221201
0.000220744
0.000220316
0.000219916
0.00021954
0.000219188
0.000218857
0.000218545
0.000218251
0.000217972
0.000217706
0.000217452
0.000217206
0.000216967
0.000216733
0.000216502
0.00021627
0.000216036
0.000215798
0.000215551
0.000215295
0.000215024
0.000214737
0.000214428
0.000214101
0.000213775
0.000213449
0.000213083
0.000212677
0.000212232
0.000211758
0.000211234
0.000210758
0.00020984
0.000209958
0.000211135
0.000212468
0.000213818
0.000215185
0.000216573
0.000217982
0.000219421
0.000220881
0.000222401
0.0002239
0.000225598
0.000226923
0.000229592
0.000229246
0.000228437
0.000227589
0.000226774
0.000225999
0.000225268
0.000224583
0.00022395
0.000223341
0.000222757
0.000222208
0.00022169
0.000221204
0.000220748
0.00022032
0.000219919
0.000219543
0.000219191
0.00021886
0.000218548
0.000218253
0.000217974
0.000217708
0.000217453
0.000217207
0.000216968
0.000216734
0.000216501
0.000216269
0.000216035
0.000215796
0.000215549
0.000215292
0.000215021
0.000214733
0.000214424
0.000214096
0.000213772
0.000213445
0.000213079
0.000212673
0.000212227
0.000211753
0.000211228
0.000210753
0.000209835
0.000209953
0.00021113
0.000212462
0.000213813
0.00021518
0.000216568
0.000217978
0.000219418
0.000220878
0.000222399
0.000223898
0.000225597
0.000226922
0.000229592
0.000222706
0.000221984
0.000221237
0.000220524
0.000219848
0.000219212
0.000218616
0.000218064
0.000217549
0.000217046
0.000216569
0.000216121
0.000215701
0.000215307
0.000214938
0.000214592
0.000214268
0.000213965
0.00021368
0.000213412
0.000213159
0.000212919
0.00021269
0.000212471
0.00021226
0.000212054
0.000211852
0.000211651
0.000211449
0.000211244
0.000211034
0.000210815
0.000210585
0.000210342
0.000210084
0.000209814
0.000209552
0.000209293
0.00020901
0.000208692
0.000208341
0.000207958
0.000207548
0.000207101
0.00020668
0.000205904
0.000206008
0.000207013
0.000208161
0.000209327
0.000210511
0.000211716
0.000212941
0.000214193
0.000215466
0.000216783
0.000218096
0.00021955
0.000220723
0.000223022
0.000222708
0.000221986
0.00022124
0.000220528
0.000219851
0.000219215
0.000218619
0.000218068
0.000217552
0.00021705
0.000216573
0.000216125
0.000215705
0.000215311
0.000214941
0.000214596
0.000214272
0.000213968
0.000213683
0.000213415
0.000213161
0.000212921
0.000212692
0.000212473
0.000212261
0.000212054
0.000211852
0.00021165
0.000211448
0.000211243
0.000211032
0.000210813
0.000210583
0.000210339
0.000210081
0.000209811
0.000209549
0.000209291
0.000209007
0.000208689
0.000208337
0.000207953
0.000207544
0.000207096
0.000206675
0.000205899
0.000206003
0.000207008
0.000208155
0.000209322
0.000210506
0.000211711
0.000212936
0.000214188
0.000215462
0.00021678
0.000218092
0.000219547
0.00022072
0.00022302
0.000216557
0.000215926
0.000215282
0.000214669
0.000214089
0.000213545
0.000213036
0.000212563
0.000212128
0.000211716
0.000211313
0.000210931
0.000210573
0.000210238
0.000209925
0.000209631
0.000209357
0.000209099
0.000208858
0.000208631
0.000208416
0.000208213
0.000208019
0.000207833
0.000207653
0.000207477
0.000207303
0.000207129
0.000206954
0.000206775
0.000206589
0.000206396
0.000206194
0.000205985
0.000205771
0.000205569
0.000205369
0.000205152
0.000204908
0.000204636
0.000204336
0.00020401
0.00020366
0.000203283
0.000202914
0.000202267
0.000202357
0.000203198
0.000204167
0.000205154
0.000206158
0.000207181
0.000208224
0.000209291
0.000210379
0.000211501
0.00021263
0.000213857
0.00021489
0.00021684
0.000216561
0.00021593
0.000215286
0.000214674
0.000214094
0.000213549
0.00021304
0.000212568
0.000212133
0.000211721
0.000211318
0.000210936
0.000210578
0.000210243
0.000209929
0.000209635
0.000209361
0.000209103
0.000208861
0.000208634
0.000208419
0.000208215
0.000208021
0.000207834
0.000207654
0.000207477
0.000207303
0.000207129
0.000206953
0.000206773
0.000206588
0.000206394
0.000206192
0.000205982
0.000205769
0.000205568
0.000205368
0.00020515
0.000204906
0.000204633
0.000204333
0.000204006
0.000203656
0.000203279
0.000202909
0.000202262
0.000202352
0.000203193
0.000204162
0.000205148
0.000206152
0.000207175
0.000208219
0.000209286
0.000210374
0.000211496
0.000212626
0.000213853
0.000214886
0.000216836
0.000210854
0.000210315
0.000209771
0.000209256
0.000208769
0.000208312
0.000207886
0.000207491
0.000207127
0.000206793
0.000206473
0.000206161
0.000205861
0.000205582
0.00020532
0.000205075
0.000204846
0.000204631
0.000204429
0.00020424
0.00020406
0.00020389
0.000203727
0.00020357
0.000203418
0.000203268
0.00020312
0.000202971
0.00020282
0.000202666
0.000202508
0.000202347
0.000202183
0.000202028
0.000201879
0.000201728
0.000201562
0.000201376
0.000201168
0.000200937
0.000200684
0.000200408
0.000200114
0.000199798
0.000199478
0.000198947
0.000199021
0.000199712
0.000200516
0.000201334
0.000202167
0.000203017
0.000203885
0.000204774
0.000205682
0.000206618
0.000207568
0.000208583
0.000209479
0.0002111
0.000210859
0.00021032
0.000209777
0.000209262
0.000208775
0.000208318
0.000207891
0.000207496
0.000207133
0.000206799
0.000206479
0.000206167
0.000205867
0.000205587
0.000205325
0.00020508
0.000204851
0.000204635
0.000204433
0.000204243
0.000204064
0.000203893
0.000203729
0.000203572
0.000203419
0.000203269
0.000203121
0.000202971
0.00020282
0.000202666
0.000202507
0.000202346
0.000202182
0.000202028
0.000201879
0.000201728
0.000201562
0.000201375
0.000201166
0.000200935
0.000200681
0.000200405
0.00020011
0.000199794
0.000199474
0.000198943
0.000199016
0.000199707
0.00020051
0.000201328
0.000202161
0.000203011
0.00020388
0.000204768
0.000205677
0.000206613
0.000207563
0.000208578
0.000209474
0.000211095
0.000205652
0.000205204
0.000204756
0.000204332
0.000203932
0.000203557
0.000203208
0.000202885
0.000202588
0.000202316
0.000202067
0.000201828
0.000201596
0.000201369
0.000201154
0.000200954
0.000200766
0.000200589
0.000200423
0.000200267
0.000200119
0.000199978
0.000199843
0.000199712
0.000199585
0.00019946
0.000199337
0.000199213
0.00019909
0.000198967
0.000198844
0.00019873
0.000198621
0.000198511
0.000198399
0.000198273
0.000198131
0.000197972
0.000197796
0.000197602
0.000197389
0.000197159
0.000196913
0.000196651
0.000196378
0.000195948
0.000196008
0.000196567
0.000197221
0.000197886
0.000198564
0.000199255
0.000199962
0.000200685
0.000201425
0.000202187
0.000202966
0.000203786
0.000204546
0.000205859
0.000205658
0.00020521
0.000204763
0.000204338
0.000203938
0.000203563
0.000203214
0.000202891
0.000202594
0.000202322
0.000202073
0.000201834
0.000201602
0.000201375
0.00020116
0.00020096
0.000200771
0.000200594
0.000200428
0.000200271
0.000200123
0.000199982
0.000199846
0.000199715
0.000199588
0.000199463
0.000199338
0.000199215
0.000199092
0.000198969
0.000198846
0.000198732
0.000198623
0.000198513
0.0001984
0.000198273
0.00019813
0.000197971
0.000197795
0.0001976
0.000197387
0.000197156
0.00019691
0.000196647
0.000196375
0.000195944
0.000196004
0.000196562
0.000197216
0.000197881
0.000198559
0.00019925
0.000199956
0.000200679
0.00020142
0.000202182
0.00020296
0.000203781
0.000204541
0.000205853
0.000200998
0.000200639
0.000200276
0.000199934
0.000199612
0.00019931
0.00019903
0.000198771
0.000198533
0.000198317
0.00019812
0.00019794
0.00019777
0.000197604
0.000197442
0.000197284
0.000197132
0.00019699
0.000196857
0.000196731
0.000196612
0.000196498
0.000196389
0.000196283
0.000196181
0.000196082
0.000195986
0.000195892
0.000195803
0.00019572
0.000195639
0.000195558
0.000195478
0.000195389
0.000195292
0.000195184
0.000195063
0.00019493
0.000194782
0.00019462
0.000194444
0.000194254
0.000194051
0.000193836
0.000193608
0.000193266
0.000193312
0.000193756
0.00019428
0.000194812
0.000195353
0.000195904
0.000196467
0.000197043
0.000197632
0.000198238
0.00019886
0.000199508
0.000200136
0.00020116
0.000201004
0.000200646
0.000200283
0.000199941
0.000199618
0.000199317
0.000199037
0.000198778
0.00019854
0.000198324
0.000198127
0.000197947
0.000197777
0.000197611
0.000197449
0.000197291
0.000197139
0.000196996
0.000196863
0.000196737
0.000196617
0.000196503
0.000196393
0.000196287
0.000196185
0.000196086
0.000195989
0.000195895
0.000195807
0.000195723
0.000195642
0.000195561
0.000195481
0.000195391
0.000195293
0.000195184
0.000195063
0.000194929
0.000194781
0.000194618
0.000194442
0.000194251
0.000194049
0.000193833
0.000193605
0.000193262
0.000193308
0.000193752
0.000194275
0.000194807
0.000195348
0.000195899
0.000196461
0.000197037
0.000197627
0.000198233
0.000198854
0.000199503
0.00020013
0.000201154
0.000196912
0.00019663
0.000196343
0.000196072
0.000195817
0.000195579
0.000195359
0.000195155
0.000194969
0.000194799
0.000194646
0.000194507
0.000194382
0.000194266
0.000194154
0.000194043
0.000193936
0.000193831
0.00019373
0.000193633
0.00019354
0.000193452
0.000193369
0.000193289
0.000193214
0.000193142
0.000193075
0.000193009
0.000192946
0.000192885
0.000192825
0.000192759
0.00019269
0.000192614
0.000192531
0.000192439
0.000192339
0.000192228
0.000192106
0.000191974
0.00019183
0.000191677
0.000191513
0.000191339
0.00019115
0.000190879
0.000190912
0.00019126
0.000191673
0.000192091
0.000192516
0.000192947
0.000193387
0.000193836
0.000194296
0.000194768
0.000195253
0.000195756
0.000196261
0.000197036
0.000196918
0.000196637
0.00019635
0.000196079
0.000195824
0.000195586
0.000195366
0.000195162
0.000194976
0.000194806
0.000194653
0.000194514
0.000194389
0.000194272
0.00019416
0.00019405
0.000193942
0.000193837
0.000193736
0.000193639
0.000193546
0.000193458
0.000193374
0.000193294
0.000193219
0.000193147
0.000193079
0.000193013
0.00019295
0.000192888
0.000192828
0.000192762
0.000192691
0.000192615
0.000192532
0.00019244
0.000192338
0.000192227
0.000192105
0.000191972
0.000191828
0.000191674
0.00019151
0.000191336
0.000191147
0.000190875
0.000190908
0.000191256
0.000191669
0.000192087
0.000192511
0.000192942
0.000193382
0.000193831
0.000194291
0.000194763
0.000195248
0.00019575
0.000196256
0.00019703
0.000193379
0.000193163
0.000192939
0.000192728
0.000192531
0.000192346
0.000192175
0.000192018
0.000191874
0.000191743
0.000191626
0.00019152
0.000191426
0.000191341
0.000191264
0.000191192
0.000191123
0.000191054
0.000190987
0.000190921
0.000190857
0.000190796
0.000190738
0.000190681
0.000190628
0.000190577
0.000190528
0.000190481
0.000190431
0.000190381
0.00019033
0.000190276
0.000190218
0.000190155
0.000190087
0.000190013
0.000189931
0.000189842
0.000189745
0.000189639
0.000189526
0.000189403
0.000189272
0.000189131
0.000188977
0.000188762
0.000188785
0.000189054
0.000189374
0.000189697
0.000190025
0.000190356
0.000190694
0.000191038
0.000191389
0.00019175
0.000192121
0.000192504
0.000192899
0.000193473
0.000193386
0.00019317
0.000192946
0.000192736
0.000192538
0.000192353
0.000192182
0.000192025
0.000191881
0.00019175
0.000191633
0.000191527
0.000191432
0.000191348
0.00019127
0.000191197
0.000191128
0.00019106
0.000190992
0.000190926
0.000190862
0.000190801
0.000190742
0.000190686
0.000190632
0.000190581
0.000190532
0.000190484
0.000190434
0.000190384
0.000190332
0.000190277
0.000190219
0.000190156
0.000190087
0.000190012
0.000189931
0.000189841
0.000189743
0.000189638
0.000189524
0.000189401
0.000189269
0.000189128
0.000188973
0.000188758
0.000188781
0.000189049
0.00018937
0.000189693
0.00019002
0.000190351
0.000190689
0.000191032
0.000191384
0.000191744
0.000192115
0.000192498
0.000192894
0.000193466
0.000190357
0.000190193
0.000190022
0.000189861
0.000189711
0.000189571
0.000189441
0.000189322
0.000189213
0.000189114
0.000189025
0.000188946
0.000188875
0.000188813
0.000188757
0.000188708
0.000188662
0.000188619
0.000188577
0.000188537
0.000188498
0.000188459
0.000188421
0.000188384
0.000188347
0.000188311
0.000188275
0.000188239
0.000188202
0.000188164
0.000188124
0.000188081
0.000188036
0.000187987
0.000187934
0.000187877
0.000187814
0.000187745
0.000187669
0.000187587
0.000187498
0.000187401
0.000187296
0.000187184
0.000187059
0.000186892
0.000186907
0.000187111
0.000187356
0.000187602
0.00018785
0.000188101
0.000188355
0.000188613
0.000188876
0.000189146
0.000189423
0.000189709
0.000190011
0.000190427
0.000190364
0.0001902
0.000190029
0.000189868
0.000189718
0.000189578
0.000189448
0.000189329
0.00018922
0.000189121
0.000189032
0.000188952
0.000188881
0.000188818
0.000188763
0.000188712
0.000188666
0.000188623
0.000188581
0.000188541
0.000188501
0.000188462
0.000188424
0.000188387
0.00018835
0.000188313
0.000188277
0.000188241
0.000188204
0.000188165
0.000188125
0.000188082
0.000188037
0.000187988
0.000187934
0.000187876
0.000187813
0.000187744
0.000187668
0.000187585
0.000187496
0.000187398
0.000187294
0.000187181
0.000187056
0.000186888
0.000186903
0.000187107
0.000187352
0.000187598
0.000187846
0.000188096
0.00018835
0.000188608
0.000188871
0.00018914
0.000189417
0.000189704
0.000190005
0.00019042
0.000187794
0.00018767
0.000187542
0.000187421
0.000187309
0.000187205
0.000187109
0.000187021
0.00018694
0.000186867
0.000186802
0.000186743
0.000186691
0.000186644
0.000186604
0.000186568
0.000186537
0.000186508
0.000186482
0.000186456
0.000186432
0.000186409
0.000186385
0.000186361
0.000186338
0.000186314
0.00018629
0.000186265
0.000186239
0.000186212
0.000186184
0.000186153
0.000186121
0.000186086
0.000186047
0.000186005
0.000185958
0.000185906
0.000185849
0.000185786
0.000185717
0.000185642
0.000185561
0.000185473
0.000185375
0.000185247
0.000185257
0.00018541
0.000185594
0.000185778
0.000185962
0.000186148
0.000186335
0.000186524
0.000186717
0.000186914
0.000187117
0.000187327
0.00018755
0.000187845
0.0001878
0.000187677
0.000187548
0.000187428
0.000187315
0.000187211
0.000187115
0.000187027
0.000186946
0.000186873
0.000186807
0.000186748
0.000186696
0.000186649
0.000186609
0.000186573
0.000186541
0.000186512
0.000186485
0.000186459
0.000186435
0.000186411
0.000186387
0.000186363
0.00018634
0.000186315
0.000186291
0.000186266
0.00018624
0.000186213
0.000186184
0.000186154
0.000186121
0.000186085
0.000186046
0.000186004
0.000185957
0.000185905
0.000185847
0.000185784
0.000185715
0.00018564
0.000185558
0.00018547
0.000185372
0.000185244
0.000185253
0.000185406
0.00018559
0.000185774
0.000185958
0.000186143
0.00018633
0.000186519
0.000186712
0.000186909
0.000187112
0.000187321
0.000187545
0.000187839
0.000185635
0.000185543
0.000185448
0.000185359
0.000185277
0.0001852
0.00018513
0.000185067
0.000185009
0.000184956
0.000184909
0.000184867
0.000184829
0.000184796
0.000184767
0.000184741
0.000184718
0.000184698
0.00018468
0.000184663
0.000184648
0.000184633
0.000184618
0.000184604
0.000184589
0.000184574
0.000184559
0.000184543
0.000184527
0.000184509
0.000184491
0.000184471
0.000184449
0.000184425
0.000184399
0.000184369
0.000184336
0.000184299
0.000184258
0.000184212
0.000184161
0.000184106
0.000184045
0.000183979
0.000183905
0.000183809
0.000183815
0.000183928
0.000184063
0.000184198
0.000184332
0.000184466
0.0001846
0.000184736
0.000184874
0.000185014
0.000185158
0.000185308
0.000185468
0.000185674
0.000185641
0.000185549
0.000185454
0.000185365
0.000185282
0.000185206
0.000185136
0.000185072
0.000185014
0.000184961
0.000184914
0.000184871
0.000184833
0.0001848
0.00018477
0.000184744
0.000184721
0.000184701
0.000184683
0.000184666
0.00018465
0.000184635
0.00018462
0.000184605
0.00018459
0.000184575
0.00018456
0.000184544
0.000184527
0.000184509
0.000184491
0.000184471
0.000184449
0.000184425
0.000184398
0.000184368
0.000184335
0.000184297
0.000184256
0.00018421
0.000184159
0.000184103
0.000184043
0.000183976
0.000183902
0.000183806
0.000183812
0.000183924
0.00018406
0.000184194
0.000184328
0.000184461
0.000184595
0.000184731
0.000184869
0.000185009
0.000185153
0.000185302
0.000185463
0.000185668
0.000183829
0.000183762
0.000183693
0.000183629
0.000183569
0.000183514
0.000183465
0.000183419
0.000183378
0.000183341
0.000183308
0.000183278
0.000183252
0.000183228
0.000183207
0.000183189
0.000183173
0.000183158
0.000183145
0.000183133
0.000183122
0.000183112
0.000183102
0.000183092
0.000183083
0.000183074
0.000183065
0.000183055
0.000183045
0.000183035
0.000183024
0.000183012
0.000182999
0.000182985
0.000182969
0.00018295
0.000182929
0.000182905
0.000182878
0.000182847
0.000182813
0.000182774
0.000182731
0.000182684
0.00018263
0.000182561
0.000182565
0.000182646
0.000182744
0.00018284
0.000182934
0.000183028
0.000183122
0.000183216
0.00018331
0.000183407
0.000183506
0.000183609
0.00018372
0.000183859
0.000183835
0.000183768
0.000183698
0.000183634
0.000183574
0.000183519
0.000183469
0.000183424
0.000183382
0.000183345
0.000183312
0.000183282
0.000183255
0.000183232
0.000183211
0.000183192
0.000183175
0.00018316
0.000183147
0.000183135
0.000183124
0.000183113
0.000183103
0.000183094
0.000183084
0.000183075
0.000183065
0.000183055
0.000183046
0.000183035
0.000183024
0.000183012
0.000182999
0.000182984
0.000182968
0.000182949
0.000182928
0.000182904
0.000182876
0.000182845
0.00018281
0.000182772
0.000182729
0.000182681
0.000182627
0.000182558
0.000182562
0.000182643
0.00018274
0.000182836
0.00018293
0.000183024
0.000183117
0.000183211
0.000183306
0.000183402
0.000183501
0.000183604
0.000183715
0.000183854
0.000182335
0.000182286
0.000182237
0.000182191
0.00018215
0.000182111
0.000182077
0.000182045
0.000182017
0.000181991
0.000181968
0.000181948
0.000181929
0.000181913
0.000181898
0.000181884
0.000181872
0.000181861
0.00018185
0.000181841
0.000181832
0.000181824
0.000181816
0.000181809
0.000181803
0.000181796
0.00018179
0.000181785
0.00018178
0.000181774
0.000181769
0.000181764
0.000181758
0.000181751
0.000181743
0.000181734
0.000181724
0.000181711
0.000181696
0.000181678
0.000181657
0.000181633
0.000181606
0.000181574
0.000181538
0.000181491
0.000181494
0.000181551
0.000181619
0.000181684
0.000181748
0.000181812
0.000181874
0.000181936
0.000181999
0.000182062
0.000182127
0.000182194
0.000182268
0.000182357
0.00018234
0.000182291
0.000182242
0.000182196
0.000182154
0.000182116
0.000182081
0.000182049
0.000182021
0.000181995
0.000181972
0.000181951
0.000181932
0.000181916
0.0001819
0.000181887
0.000181874
0.000181863
0.000181852
0.000181843
0.000181834
0.000181825
0.000181818
0.00018181
0.000181803
0.000181797
0.000181791
0.000181785
0.00018178
0.000181774
0.000181769
0.000181763
0.000181757
0.00018175
0.000181742
0.000181733
0.000181722
0.000181709
0.000181694
0.000181676
0.000181655
0.000181631
0.000181603
0.000181572
0.000181535
0.000181488
0.000181491
0.000181548
0.000181615
0.000181681
0.000181745
0.000181808
0.00018187
0.000181932
0.000181994
0.000182057
0.000182122
0.00018219
0.000182263
0.000182353
0.000181116
0.000181082
0.000181048
0.000181017
0.000180989
0.000180963
0.00018094
0.000180919
0.0001809
0.000180883
0.000180867
0.000180853
0.00018084
0.000180828
0.000180817
0.000180807
0.000180797
0.000180787
0.000180778
0.00018077
0.000180761
0.000180754
0.000180747
0.000180741
0.000180735
0.00018073
0.000180726
0.000180723
0.00018072
0.000180718
0.000180717
0.000180716
0.000180716
0.000180715
0.000180715
0.000180714
0.000180711
0.000180708
0.000180703
0.000180696
0.000180686
0.000180674
0.00018066
0.000180642
0.00018062
0.00018059
0.000180594
0.000180632
0.000180676
0.000180719
0.00018076
0.0001808
0.000180838
0.000180877
0.000180915
0.000180953
0.000180993
0.000181034
0.000181079
0.000181134
0.000181121
0.000181087
0.000181053
0.000181022
0.000180993
0.000180967
0.000180944
0.000180923
0.000180904
0.000180886
0.000180871
0.000180856
0.000180843
0.000180831
0.00018082
0.000180809
0.000180799
0.000180789
0.00018078
0.000180771
0.000180763
0.000180755
0.000180748
0.000180742
0.000180736
0.000180731
0.000180726
0.000180723
0.00018072
0.000180718
0.000180717
0.000180716
0.000180715
0.000180715
0.000180714
0.000180712
0.00018071
0.000180707
0.000180701
0.000180694
0.000180684
0.000180672
0.000180657
0.000180639
0.000180617
0.000180588
0.000180591
0.000180629
0.000180673
0.000180716
0.000180756
0.000180796
0.000180835
0.000180873
0.000180911
0.000180949
0.000180989
0.00018103
0.000181075
0.000181129
0.000180147
0.000180125
0.000180103
0.000180084
0.000180066
0.00018005
0.000180035
0.000180022
0.00018001
0.000179999
0.000179988
0.000179979
0.000179969
0.00017996
0.000179951
0.000179943
0.000179934
0.000179925
0.000179916
0.000179908
0.0001799
0.000179892
0.000179885
0.000179878
0.000179873
0.000179868
0.000179865
0.000179863
0.000179862
0.000179862
0.000179864
0.000179866
0.00017987
0.000179874
0.000179879
0.000179884
0.000179888
0.000179892
0.000179895
0.000179896
0.000179896
0.000179894
0.000179889
0.000179882
0.000179872
0.000179856
0.00017986
0.000179884
0.000179911
0.000179937
0.00017996
0.000179982
0.000180004
0.000180024
0.000180044
0.000180065
0.000180086
0.000180108
0.000180132
0.000180161
0.000180152
0.000180129
0.000180108
0.000180088
0.00018007
0.000180053
0.000180038
0.000180025
0.000180013
0.000180002
0.000179991
0.000179981
0.000179972
0.000179963
0.000179954
0.000179945
0.000179936
0.000179927
0.000179918
0.00017991
0.000179901
0.000179893
0.000179886
0.000179879
0.000179874
0.000179869
0.000179865
0.000179863
0.000179862
0.000179862
0.000179864
0.000179866
0.00017987
0.000179874
0.000179878
0.000179883
0.000179887
0.000179891
0.000179894
0.000179895
0.000179894
0.000179892
0.000179887
0.00017988
0.000179869
0.000179854
0.000179857
0.000179881
0.000179908
0.000179934
0.000179957
0.000179979
0.00018
0.000180021
0.000180041
0.000180061
0.000180082
0.000180104
0.000180128
0.000180157
0.000179415
0.000179402
0.000179389
0.000179377
0.000179367
0.000179358
0.000179349
0.000179342
0.000179334
0.000179328
0.000179321
0.000179314
0.000179308
0.000179301
0.000179293
0.000179285
0.000179277
0.000179269
0.00017926
0.000179251
0.000179242
0.000179234
0.000179226
0.000179219
0.000179214
0.000179209
0.000179206
0.000179204
0.000179204
0.000179206
0.000179209
0.000179214
0.00017922
0.000179228
0.000179236
0.000179245
0.000179255
0.000179264
0.000179273
0.000179281
0.000179287
0.000179293
0.000179296
0.000179297
0.000179295
0.000179291
0.000179295
0.000179309
0.000179323
0.000179336
0.000179347
0.000179357
0.000179366
0.000179374
0.000179381
0.000179389
0.000179396
0.000179405
0.000179414
0.000179427
0.00017942
0.000179406
0.000179393
0.000179381
0.000179371
0.000179361
0.000179353
0.000179345
0.000179338
0.000179331
0.000179324
0.000179317
0.00017931
0.000179303
0.000179296
0.000179288
0.000179279
0.000179271
0.000179262
0.000179253
0.000179244
0.000179236
0.000179228
0.000179221
0.000179215
0.00017921
0.000179207
0.000179205
0.000179205
0.000179206
0.000179209
0.000179214
0.00017922
0.000179228
0.000179236
0.000179245
0.000179254
0.000179263
0.000179272
0.00017928
0.000179286
0.000179291
0.000179294
0.000179295
0.000179293
0.000179289
0.000179293
0.000179306
0.000179321
0.000179333
0.000179344
0.000179354
0.000179363
0.00017937
0.000179378
0.000179385
0.000179393
0.000179401
0.000179411
0.000179423
0.000178916
0.000178908
0.000178901
0.000178895
0.00017889
0.000178885
0.000178881
0.000178877
0.000178873
0.000178869
0.000178865
0.00017886
0.000178855
0.000178849
0.000178843
0.000178835
0.000178827
0.000178819
0.00017881
0.000178801
0.000178792
0.000178783
0.000178775
0.000178767
0.000178761
0.000178756
0.000178753
0.000178752
0.000178752
0.000178754
0.000178758
0.000178765
0.000178773
0.000178782
0.000178793
0.000178805
0.000178818
0.000178831
0.000178843
0.000178856
0.000178867
0.000178877
0.000178886
0.000178892
0.000178897
0.000178899
0.000178904
0.000178911
0.000178918
0.000178922
0.000178925
0.000178927
0.000178927
0.000178927
0.000178926
0.000178926
0.000178925
0.000178924
0.000178925
0.000178926
0.00017892
0.000178912
0.000178905
0.000178899
0.000178894
0.000178889
0.000178884
0.00017888
0.000178876
0.000178872
0.000178868
0.000178863
0.000178858
0.000178852
0.000178845
0.000178838
0.00017883
0.000178821
0.000178812
0.000178803
0.000178794
0.000178785
0.000178776
0.000178769
0.000178762
0.000178757
0.000178754
0.000178752
0.000178753
0.000178755
0.000178759
0.000178765
0.000178773
0.000178782
0.000178793
0.000178805
0.000178817
0.00017883
0.000178843
0.000178855
0.000178866
0.000178876
0.000178884
0.000178891
0.000178895
0.000178897
0.000178902
0.000178909
0.000178915
0.00017892
0.000178923
0.000178924
0.000178924
0.000178924
0.000178923
0.000178922
0.000178921
0.000178921
0.000178921
0.000178922
0.000178658
0.000178653
0.00017865
0.000178646
0.000178644
0.000178641
0.000178639
0.000178637
0.000178635
0.000178632
0.000178629
0.000178626
0.000178621
0.000178616
0.00017861
0.000178602
0.000178595
0.000178586
0.000178577
0.000178567
0.000178558
0.000178549
0.00017854
0.000178533
0.000178526
0.000178521
0.000178518
0.000178516
0.000178517
0.000178519
0.000178524
0.000178531
0.00017854
0.00017855
0.000178563
0.000178576
0.00017859
0.000178605
0.00017862
0.000178634
0.000178648
0.000178661
0.000178672
0.000178682
0.000178689
0.000178695
0.0001787
0.000178704
0.000178706
0.000178706
0.000178705
0.000178703
0.000178699
0.000178695
0.00017869
0.000178685
0.00017868
0.000178675
0.000178671
0.000178667
0.000178662
0.000178657
0.000178654
0.00017865
0.000178647
0.000178645
0.000178643
0.00017864
0.000178638
0.000178635
0.000178632
0.000178628
0.000178624
0.000178618
0.000178612
0.000178605
0.000178597
0.000178588
0.000178579
0.00017857
0.00017856
0.000178551
0.000178542
0.000178534
0.000178528
0.000178522
0.000178519
0.000178517
0.000178518
0.00017852
0.000178525
0.000178531
0.00017854
0.00017855
0.000178562
0.000178576
0.00017859
0.000178604
0.000178619
0.000178633
0.000178647
0.000178659
0.000178671
0.00017868
0.000178688
0.000178693
0.000178698
0.000178702
0.000178704
0.000178704
0.000178703
0.0001787
0.000178696
0.000178692
0.000178687
0.000178682
0.000178677
0.000178672
0.000178667
0.000178663
)
;

boundaryField
{
    left
    {
        type            cyclic;
    }
    right
    {
        type            cyclic;
    }
    top
    {
        type            calculated;
        value           nonuniform List<scalar> 
120
(
0.000178658
0.000178653
0.00017865
0.000178646
0.000178644
0.000178641
0.000178639
0.000178637
0.000178635
0.000178632
0.000178629
0.000178626
0.000178621
0.000178616
0.00017861
0.000178602
0.000178595
0.000178586
0.000178577
0.000178567
0.000178558
0.000178549
0.00017854
0.000178533
0.000178526
0.000178521
0.000178518
0.000178516
0.000178517
0.000178519
0.000178524
0.000178531
0.00017854
0.00017855
0.000178563
0.000178576
0.00017859
0.000178605
0.00017862
0.000178634
0.000178648
0.000178661
0.000178672
0.000178682
0.000178689
0.000178695
0.0001787
0.000178704
0.000178706
0.000178706
0.000178705
0.000178703
0.000178699
0.000178695
0.00017869
0.000178685
0.00017868
0.000178675
0.000178671
0.000178667
0.000178662
0.000178657
0.000178654
0.00017865
0.000178647
0.000178645
0.000178643
0.00017864
0.000178638
0.000178635
0.000178632
0.000178628
0.000178624
0.000178618
0.000178612
0.000178605
0.000178597
0.000178588
0.000178579
0.00017857
0.00017856
0.000178551
0.000178542
0.000178534
0.000178528
0.000178522
0.000178519
0.000178517
0.000178518
0.00017852
0.000178525
0.000178531
0.00017854
0.00017855
0.000178562
0.000178576
0.00017859
0.000178604
0.000178619
0.000178633
0.000178647
0.000178659
0.000178671
0.00017868
0.000178688
0.000178693
0.000178698
0.000178702
0.000178704
0.000178704
0.000178703
0.0001787
0.000178696
0.000178692
0.000178687
0.000178682
0.000178677
0.000178672
0.000178667
0.000178663
)
;
    }
    bottom
    {
        type            calculated;
        value           nonuniform List<scalar> 
120
(
3.12071e-08
4.5438e-08
7.66598e-08
1.10296e-07
1.54801e-07
1.9966e-07
2.45527e-07
2.91747e-07
3.37166e-07
3.80414e-07
4.1836e-07
4.51351e-07
4.77427e-07
4.98282e-07
5.12544e-07
5.21922e-07
5.26076e-07
5.26674e-07
5.24983e-07
5.21287e-07
5.14936e-07
5.07335e-07
4.98827e-07
4.89926e-07
4.80634e-07
4.71677e-07
4.62923e-07
4.5512e-07
4.47133e-07
4.40813e-07
4.33873e-07
4.29451e-07
4.23907e-07
4.21084e-07
4.17543e-07
4.16009e-07
4.15797e-07
4.14125e-07
4.20022e-07
4.17424e-07
4.34535e-07
4.24195e-07
4.77192e-07
4.42108e-07
5.31196e-07
1.08787e-06
2.88229e-07
4.81819e-08
2.77399e-08
2.84519e-08
2.85372e-08
2.81973e-08
2.75522e-08
2.75383e-08
2.77162e-08
2.81612e-08
2.97144e-08
3.28476e-08
3.70615e-08
3.79146e-08
3.11954e-08
4.54407e-08
7.66603e-08
1.10284e-07
1.54782e-07
1.99641e-07
2.45488e-07
2.91712e-07
3.3714e-07
3.80382e-07
4.18325e-07
4.51322e-07
4.77397e-07
4.98251e-07
5.12514e-07
5.21893e-07
5.26045e-07
5.26649e-07
5.24958e-07
5.21267e-07
5.14926e-07
5.07331e-07
4.98828e-07
4.89931e-07
4.80645e-07
4.7169e-07
4.62938e-07
4.55139e-07
4.47151e-07
4.40838e-07
4.339e-07
4.29477e-07
4.23936e-07
4.21115e-07
4.17574e-07
4.16037e-07
4.15828e-07
4.14159e-07
4.2006e-07
4.17475e-07
4.34631e-07
4.24246e-07
4.77239e-07
4.42149e-07
5.31397e-07
1.0879e-06
2.8823e-07
4.81632e-08
2.7729e-08
2.84495e-08
2.85387e-08
2.81956e-08
2.75476e-08
2.75393e-08
2.77161e-08
2.81654e-08
2.97191e-08
3.28517e-08
3.70686e-08
3.79254e-08
)
;
    }
    frontAndBack
    {
        type            empty;
    }
}


// ************************************************************************* //
