/*--------------------------------*- C++ -*----------------------------------*\
| =========                 |                                                 |
| \\      /  F ield         | OpenFOAM: The Open Source CFD Toolbox           |
|  \\    /   O peration     | Version:  5.x                                   |
|   \\  /    A nd           | Web:      www.OpenFOAM.org                      |
|    \\/     M anipulation  |                                                 |
\*---------------------------------------------------------------------------*/
FoamFile
{
    version     2.0;
    format      ascii;
    class       volScalarField;
    location    "300/surface";
    object      nutMean;
}
// * * * * * * * * * * * * * * * * * * * * * * * * * * * * * * * * * * * * * //

dimensions      [0 2 -1 0 0 0 0];

internalField   nonuniform List<scalar> 
7200
(
1.75723e-11
2.54101e-11
4.25753e-11
6.08335e-11
8.47882e-11
1.08598e-10
1.32615e-10
1.56477e-10
1.79567e-10
2.01171e-10
2.19673e-10
2.35314e-10
2.47135e-10
2.56086e-10
2.61526e-10
2.64393e-10
2.64572e-10
2.62951e-10
2.60199e-10
2.56479e-10
2.51497e-10
2.4596e-10
2.40049e-10
2.34018e-10
2.2787e-10
2.21953e-10
2.16201e-10
2.10957e-10
2.05689e-10
2.01244e-10
1.96568e-10
1.93077e-10
1.89123e-10
1.86417e-10
1.8342e-10
1.81328e-10
1.79824e-10
1.77701e-10
1.78816e-10
1.76309e-10
1.82084e-10
1.76339e-10
1.96787e-10
1.80859e-10
2.15556e-10
4.37887e-10
1.0804e-10
1.53014e-11
9.08556e-12
9.60628e-12
9.92785e-12
1.01032e-11
1.01632e-11
1.04533e-11
1.08221e-11
1.13064e-11
1.22622e-11
1.39275e-11
1.61399e-11
1.69528e-11
1.75657e-11
2.54116e-11
4.25755e-11
6.08264e-11
8.47779e-11
1.08588e-10
1.32594e-10
1.56458e-10
1.79553e-10
2.01154e-10
2.19655e-10
2.35298e-10
2.47119e-10
2.5607e-10
2.61511e-10
2.64378e-10
2.64556e-10
2.62938e-10
2.60186e-10
2.56469e-10
2.51491e-10
2.45958e-10
2.4005e-10
2.3402e-10
2.27876e-10
2.2196e-10
2.16208e-10
2.10965e-10
2.05697e-10
2.01255e-10
1.9658e-10
1.93089e-10
1.89136e-10
1.86431e-10
1.83434e-10
1.81341e-10
1.79838e-10
1.77715e-10
1.78832e-10
1.7633e-10
1.82124e-10
1.7636e-10
1.96807e-10
1.80876e-10
2.15638e-10
4.37898e-10
1.08041e-10
1.52954e-11
9.08198e-12
9.60546e-12
9.92837e-12
1.01026e-11
1.01615e-11
1.04536e-11
1.08221e-11
1.13081e-11
1.22642e-11
1.39292e-11
1.6143e-11
1.69576e-11
8.75524e-10
2.35829e-09
5.42592e-09
8.637e-09
1.28385e-08
1.70308e-08
2.12717e-08
2.55143e-08
2.96639e-08
3.3602e-08
3.70121e-08
3.98717e-08
4.20775e-08
4.37468e-08
4.47848e-08
4.53322e-08
4.53727e-08
4.50676e-08
4.45337e-08
4.38063e-08
4.28332e-08
4.17551e-08
4.05974e-08
3.94206e-08
3.82185e-08
3.70672e-08
3.59424e-08
3.49194e-08
3.38902e-08
3.30182e-08
3.21051e-08
3.14133e-08
3.06329e-08
3.00903e-08
2.94779e-08
2.90547e-08
2.86923e-08
2.82754e-08
2.83508e-08
2.78552e-08
2.87404e-08
2.7588e-08
3.10864e-08
2.77727e-08
3.44071e-08
6.70821e-08
1.62045e-08
1.75098e-09
2.07175e-10
1.99851e-10
2.21272e-10
2.21111e-10
1.98117e-10
2.16346e-10
2.48575e-10
2.97477e-10
4.25353e-10
6.78131e-10
1.04623e-09
1.21849e-09
8.7571e-10
2.35863e-09
5.42585e-09
8.6362e-09
1.28372e-08
1.7029e-08
2.12686e-08
2.55112e-08
2.96614e-08
3.35996e-08
3.70092e-08
3.9869e-08
4.2075e-08
4.37443e-08
4.47823e-08
4.53299e-08
4.53706e-08
4.50656e-08
4.45316e-08
4.38047e-08
4.28325e-08
4.17549e-08
4.05977e-08
3.94213e-08
3.82195e-08
3.70683e-08
3.59438e-08
3.49208e-08
3.38919e-08
3.30201e-08
3.21072e-08
3.14154e-08
3.06351e-08
3.00926e-08
2.94802e-08
2.90571e-08
2.86947e-08
2.82778e-08
2.83534e-08
2.78579e-08
2.87437e-08
2.75908e-08
3.10895e-08
2.77755e-08
3.44151e-08
6.70841e-08
1.62032e-08
1.7509e-09
2.07142e-10
1.99802e-10
2.21189e-10
2.21059e-10
1.98033e-10
2.16234e-10
2.48514e-10
2.97537e-10
4.25584e-10
6.78341e-10
1.04631e-09
1.21864e-09
1.70341e-08
4.43953e-08
1.03602e-07
1.63961e-07
2.41728e-07
3.17361e-07
3.92634e-07
4.65348e-07
5.32932e-07
5.94915e-07
6.48957e-07
6.93883e-07
7.28745e-07
7.54431e-07
7.70432e-07
7.78194e-07
7.77865e-07
7.71663e-07
7.61304e-07
7.47322e-07
7.28883e-07
7.08721e-07
6.86954e-07
6.64692e-07
6.41817e-07
6.19686e-07
5.97824e-07
5.7758e-07
5.57208e-07
5.39391e-07
5.20762e-07
5.06183e-07
4.89303e-07
4.77594e-07
4.63125e-07
4.53383e-07
4.43021e-07
4.33225e-07
4.29062e-07
4.17834e-07
4.24515e-07
4.04347e-07
4.41937e-07
3.91831e-07
4.63529e-07
9.24574e-07
1.7197e-07
2.99392e-08
5.11003e-09
3.85178e-09
4.29759e-09
4.32173e-09
3.7327e-09
3.99102e-09
4.49962e-09
5.35875e-09
7.85151e-09
1.29525e-08
2.1165e-08
2.54908e-08
1.70371e-08
4.43968e-08
1.03596e-07
1.63949e-07
2.41709e-07
3.17336e-07
3.926e-07
4.65313e-07
5.32902e-07
5.94885e-07
6.48923e-07
6.93853e-07
7.28714e-07
7.544e-07
7.70401e-07
7.78166e-07
7.77841e-07
7.71639e-07
7.61281e-07
7.47307e-07
7.28879e-07
7.08723e-07
6.86961e-07
6.64704e-07
6.41834e-07
6.19704e-07
5.97845e-07
5.77603e-07
5.57233e-07
5.39419e-07
5.20792e-07
5.06212e-07
4.89334e-07
4.77625e-07
4.63157e-07
4.53415e-07
4.43053e-07
4.33258e-07
4.29094e-07
4.17867e-07
4.24548e-07
4.04381e-07
4.41972e-07
3.91864e-07
4.63589e-07
9.2463e-07
1.71957e-07
2.99378e-08
5.11008e-09
3.85201e-09
4.2977e-09
4.32165e-09
3.73126e-09
3.98802e-09
4.49757e-09
5.35907e-09
7.85427e-09
1.29541e-08
2.11663e-08
2.54925e-08
1.11484e-07
2.78747e-07
6.28226e-07
9.33235e-07
1.2856e-06
1.60444e-06
1.90213e-06
2.17338e-06
2.41674e-06
2.63137e-06
2.81356e-06
2.95991e-06
3.07075e-06
3.14824e-06
3.19364e-06
3.21089e-06
3.2018e-06
3.17293e-06
3.13012e-06
3.07343e-06
3.00204e-06
2.92433e-06
2.84021e-06
2.75349e-06
2.66377e-06
2.57568e-06
2.48761e-06
2.40405e-06
2.31975e-06
2.243e-06
2.16405e-06
2.09746e-06
2.02426e-06
1.96779e-06
1.90197e-06
1.85305e-06
1.8011e-06
1.7516e-06
1.72382e-06
1.6673e-06
1.66981e-06
1.60079e-06
1.68527e-06
1.55093e-06
1.43051e-06
3.79191e-06
6.00939e-07
1.34848e-07
4.01441e-08
2.92142e-08
3.42639e-08
3.50932e-08
2.94904e-08
2.91404e-08
3.03686e-08
3.50916e-08
5.21464e-08
8.78109e-08
1.4722e-07
1.74924e-07
1.11487e-07
2.78732e-07
6.28184e-07
9.33185e-07
1.28553e-06
1.60436e-06
1.90204e-06
2.17328e-06
2.41665e-06
2.63128e-06
2.81347e-06
2.95983e-06
3.07066e-06
3.14815e-06
3.19355e-06
3.21081e-06
3.20173e-06
3.17287e-06
3.13006e-06
3.0734e-06
3.00203e-06
2.92434e-06
2.84024e-06
2.75354e-06
2.66383e-06
2.57574e-06
2.48768e-06
2.40413e-06
2.31983e-06
2.24309e-06
2.16415e-06
2.09756e-06
2.02436e-06
1.9679e-06
1.90208e-06
1.85316e-06
1.80121e-06
1.7517e-06
1.72392e-06
1.66741e-06
1.66991e-06
1.6009e-06
1.68537e-06
1.55104e-06
1.43068e-06
3.7922e-06
6.00928e-07
1.34841e-07
4.01442e-08
2.92167e-08
3.42668e-08
3.50949e-08
2.94871e-08
2.91347e-08
3.03651e-08
3.50905e-08
5.21521e-08
8.78152e-08
1.47227e-07
1.74936e-07
3.95146e-07
9.49121e-07
1.86432e-06
2.57664e-06
3.32148e-06
3.96106e-06
4.53041e-06
5.03772e-06
5.4769e-06
5.85664e-06
6.17218e-06
6.42223e-06
6.60815e-06
6.73497e-06
6.80806e-06
6.83168e-06
6.81203e-06
6.75816e-06
6.68139e-06
6.57831e-06
6.45069e-06
6.31098e-06
6.15917e-06
6.00116e-06
5.83671e-06
5.6729e-06
5.50809e-06
5.34826e-06
5.18707e-06
5.0354e-06
4.88178e-06
4.74437e-06
4.59992e-06
4.47759e-06
4.34566e-06
4.23592e-06
4.12659e-06
4.01983e-06
3.94756e-06
3.8334e-06
3.81097e-06
3.69754e-06
3.78308e-06
3.64088e-06
3.82201e-06
6.55376e-06
1.69676e-06
3.79821e-07
1.35317e-07
1.134e-07
1.5403e-07
1.64778e-07
1.37726e-07
1.27035e-07
1.23515e-07
1.34015e-07
1.95216e-07
3.24343e-07
5.15947e-07
5.86577e-07
3.95139e-07
9.49065e-07
1.86422e-06
2.57653e-06
3.32134e-06
3.96089e-06
4.53023e-06
5.03754e-06
5.47673e-06
5.85648e-06
6.17204e-06
6.4221e-06
6.608e-06
6.7348e-06
6.8079e-06
6.83154e-06
6.81191e-06
6.75805e-06
6.68129e-06
6.57827e-06
6.45068e-06
6.31101e-06
6.15923e-06
6.00125e-06
5.83682e-06
5.67302e-06
5.50823e-06
5.34842e-06
5.18724e-06
5.03558e-06
4.88197e-06
4.74457e-06
4.60013e-06
4.4778e-06
4.34588e-06
4.23613e-06
4.12681e-06
4.02005e-06
3.94778e-06
3.83362e-06
3.81119e-06
3.69776e-06
3.78329e-06
3.6411e-06
3.82254e-06
6.55417e-06
1.69683e-06
3.79819e-07
1.35316e-07
1.13409e-07
1.54047e-07
1.64793e-07
1.37727e-07
1.27031e-07
1.23513e-07
1.34011e-07
1.95216e-07
3.24349e-07
5.15971e-07
5.86609e-07
9.33125e-07
2.1709e-06
3.68413e-06
4.81899e-06
5.91419e-06
6.84313e-06
7.64841e-06
8.35465e-06
8.95604e-06
9.47009e-06
9.89225e-06
1.02245e-05
1.04695e-05
1.06369e-05
1.07338e-05
1.07666e-05
1.07441e-05
1.06777e-05
1.05847e-05
1.04528e-05
1.02903e-05
1.01101e-05
9.91332e-06
9.70654e-06
9.49002e-06
9.27209e-06
9.0516e-06
8.8346e-06
8.61545e-06
8.40516e-06
8.19378e-06
7.99789e-06
7.79707e-06
7.61741e-06
7.43197e-06
7.26814e-06
7.10868e-06
6.95523e-06
6.83252e-06
6.68562e-06
6.62484e-06
6.487e-06
6.55239e-06
6.44625e-06
6.74059e-06
9.47755e-06
4.25406e-06
8.19889e-07
3.36087e-07
2.54522e-07
4.24928e-07
5.06459e-07
4.44604e-07
3.93323e-07
3.63052e-07
3.66922e-07
5.04306e-07
7.90016e-07
1.1622e-06
1.25639e-06
9.3308e-07
2.1708e-06
3.68397e-06
4.8188e-06
5.91397e-06
6.84286e-06
7.64813e-06
8.35437e-06
8.95579e-06
9.46987e-06
9.89206e-06
1.02243e-05
1.04693e-05
1.06367e-05
1.07336e-05
1.07664e-05
1.0744e-05
1.06775e-05
1.05846e-05
1.04527e-05
1.02903e-05
1.01101e-05
9.91341e-06
9.70666e-06
9.49018e-06
9.27228e-06
9.05182e-06
8.83484e-06
8.61572e-06
8.40544e-06
8.19409e-06
7.9982e-06
7.7974e-06
7.61774e-06
7.43232e-06
7.26848e-06
7.10904e-06
6.95558e-06
6.83288e-06
6.68597e-06
6.62519e-06
6.48735e-06
6.55275e-06
6.44659e-06
6.74095e-06
9.47816e-06
4.25427e-06
8.19893e-07
3.36084e-07
2.54536e-07
4.24971e-07
5.06505e-07
4.44624e-07
3.93331e-07
3.63056e-07
3.66917e-07
5.04298e-07
7.90015e-07
1.16222e-06
1.25641e-06
1.75177e-06
3.84474e-06
5.79377e-06
7.28434e-06
8.66027e-06
9.80577e-06
1.07866e-05
1.16364e-05
1.23532e-05
1.29588e-05
1.34535e-05
1.38398e-05
1.4125e-05
1.43213e-05
1.44376e-05
1.44821e-05
1.4464e-05
1.43997e-05
1.4306e-05
1.41659e-05
1.39951e-05
1.38003e-05
1.35875e-05
1.33605e-05
1.31221e-05
1.28792e-05
1.26327e-05
1.23868e-05
1.2138e-05
1.18961e-05
1.16538e-05
1.14239e-05
1.11912e-05
1.09767e-05
1.07587e-05
1.05629e-05
1.03678e-05
1.01918e-05
1.00272e-05
9.87474e-06
9.76692e-06
9.64889e-06
9.67202e-06
9.6116e-06
9.85636e-06
1.23637e-05
8.7704e-06
1.53e-06
6.76955e-07
4.47526e-07
7.3115e-07
1.04908e-06
1.0308e-06
9.15964e-07
8.28898e-07
7.90657e-07
1.00785e-06
1.46133e-06
1.99829e-06
2.12896e-06
1.75168e-06
3.84457e-06
5.79356e-06
7.28408e-06
8.65999e-06
9.80544e-06
1.07863e-05
1.1636e-05
1.23529e-05
1.29585e-05
1.34533e-05
1.38396e-05
1.41247e-05
1.4321e-05
1.44374e-05
1.44819e-05
1.44638e-05
1.43995e-05
1.43059e-05
1.41659e-05
1.39951e-05
1.38004e-05
1.35876e-05
1.33606e-05
1.31223e-05
1.28795e-05
1.2633e-05
1.23871e-05
1.21384e-05
1.18965e-05
1.16542e-05
1.14243e-05
1.11917e-05
1.09772e-05
1.07592e-05
1.05634e-05
1.03683e-05
1.01923e-05
1.00277e-05
9.87524e-06
9.76744e-06
9.6494e-06
9.67254e-06
9.6121e-06
9.85688e-06
1.23645e-05
8.77081e-06
1.53002e-06
6.76953e-07
4.47537e-07
7.31211e-07
1.04916e-06
1.03086e-06
9.15992e-07
8.28915e-07
7.9065e-07
1.00784e-06
1.46132e-06
1.99828e-06
2.12892e-06
2.86927e-06
5.72761e-06
7.96964e-06
9.74156e-06
1.13071e-05
1.25958e-05
1.36908e-05
1.46261e-05
1.54081e-05
1.60596e-05
1.65896e-05
1.70003e-05
1.73055e-05
1.75189e-05
1.76508e-05
1.77097e-05
1.77044e-05
1.76574e-05
1.75772e-05
1.74489e-05
1.72898e-05
1.71047e-05
1.69024e-05
1.66816e-05
1.64492e-05
1.62097e-05
1.59651e-05
1.57185e-05
1.54679e-05
1.52224e-05
1.49752e-05
1.47377e-05
1.44972e-05
1.42732e-05
1.4044e-05
1.38407e-05
1.36283e-05
1.34509e-05
1.32628e-05
1.3122e-05
1.29795e-05
1.28909e-05
1.28614e-05
1.28577e-05
1.30102e-05
1.5063e-05
1.28944e-05
2.87386e-06
1.21772e-06
7.43307e-07
8.88731e-07
1.52569e-06
1.76569e-06
1.67136e-06
1.53966e-06
1.43303e-06
1.68817e-06
2.27199e-06
2.93496e-06
3.14766e-06
2.86913e-06
5.72738e-06
7.96938e-06
9.74128e-06
1.13067e-05
1.25954e-05
1.36904e-05
1.46256e-05
1.54078e-05
1.60593e-05
1.65893e-05
1.7e-05
1.73051e-05
1.75185e-05
1.76504e-05
1.77094e-05
1.77042e-05
1.76572e-05
1.75771e-05
1.74489e-05
1.72898e-05
1.71048e-05
1.69026e-05
1.66818e-05
1.64495e-05
1.621e-05
1.59656e-05
1.57189e-05
1.54684e-05
1.52229e-05
1.49758e-05
1.47383e-05
1.44978e-05
1.42738e-05
1.40446e-05
1.38413e-05
1.36289e-05
1.34516e-05
1.32634e-05
1.31227e-05
1.29802e-05
1.28916e-05
1.28621e-05
1.28584e-05
1.30109e-05
1.5064e-05
1.2895e-05
2.87393e-06
1.21773e-06
7.43316e-07
8.88778e-07
1.52578e-06
1.76578e-06
1.67142e-06
1.5397e-06
1.43303e-06
1.68816e-06
2.27197e-06
2.93494e-06
3.14759e-06
4.24259e-06
7.63543e-06
1.01012e-05
1.20345e-05
1.37137e-05
1.50802e-05
1.62295e-05
1.71932e-05
1.79898e-05
1.86459e-05
1.91778e-05
1.95882e-05
1.98963e-05
2.01164e-05
2.026e-05
2.03348e-05
2.03489e-05
2.03307e-05
2.02787e-05
2.01818e-05
2.00555e-05
1.99022e-05
1.97291e-05
1.95367e-05
1.93336e-05
1.91205e-05
1.89017e-05
1.86784e-05
1.84505e-05
1.8224e-05
1.79966e-05
1.77733e-05
1.75491e-05
1.73352e-05
1.71195e-05
1.69242e-05
1.67207e-05
1.65513e-05
1.63674e-05
1.62364e-05
1.60901e-05
1.60144e-05
1.59683e-05
1.59811e-05
1.60702e-05
1.76946e-05
1.63965e-05
5.04635e-06
1.96672e-06
1.22096e-06
1.19337e-06
1.69926e-06
2.33305e-06
2.49491e-06
2.40662e-06
2.28104e-06
2.50423e-06
3.1659e-06
3.9331e-06
4.23963e-06
4.24237e-06
7.63515e-06
1.01009e-05
1.20342e-05
1.37133e-05
1.50798e-05
1.62291e-05
1.71927e-05
1.79894e-05
1.86456e-05
1.91776e-05
1.95879e-05
1.98959e-05
2.01161e-05
2.02597e-05
2.03345e-05
2.03487e-05
2.03305e-05
2.02786e-05
2.01818e-05
2.00556e-05
1.99024e-05
1.97294e-05
1.9537e-05
1.9334e-05
1.91209e-05
1.89022e-05
1.8679e-05
1.84511e-05
1.82246e-05
1.79973e-05
1.7774e-05
1.75499e-05
1.7336e-05
1.71203e-05
1.69249e-05
1.67215e-05
1.65521e-05
1.63683e-05
1.62372e-05
1.60909e-05
1.60152e-05
1.59691e-05
1.5982e-05
1.60711e-05
1.76957e-05
1.63974e-05
5.04652e-06
1.96674e-06
1.22097e-06
1.19342e-06
1.69932e-06
2.33315e-06
2.49499e-06
2.40667e-06
2.28104e-06
2.50422e-06
3.1659e-06
3.93308e-06
4.23956e-06
5.74795e-06
9.46385e-06
1.2086e-05
1.40806e-05
1.58047e-05
1.71882e-05
1.83348e-05
1.92799e-05
2.00519e-05
2.06814e-05
2.11911e-05
2.15843e-05
2.18834e-05
2.21028e-05
2.22556e-05
2.2347e-05
2.23848e-05
2.24023e-05
2.23896e-05
2.23347e-05
2.22549e-05
2.21508e-05
2.20262e-05
2.18832e-05
2.17259e-05
2.15575e-05
2.13836e-05
2.12027e-05
2.1016e-05
2.08286e-05
2.06386e-05
2.04498e-05
2.02592e-05
2.00753e-05
1.98898e-05
1.97186e-05
1.95438e-05
1.93906e-05
1.92376e-05
1.9113e-05
1.89967e-05
1.89269e-05
1.88881e-05
1.89052e-05
1.89405e-05
2.02962e-05
1.93989e-05
8.41457e-06
2.75949e-06
1.83518e-06
1.54654e-06
1.70673e-06
2.6156e-06
3.10982e-06
3.27579e-06
3.2501e-06
3.4206e-06
4.10325e-06
4.95688e-06
5.39726e-06
5.74766e-06
9.46352e-06
1.20857e-05
1.40803e-05
1.58043e-05
1.71878e-05
1.83344e-05
1.92795e-05
2.00516e-05
2.06812e-05
2.11909e-05
2.1584e-05
2.18831e-05
2.21025e-05
2.22553e-05
2.23467e-05
2.23846e-05
2.24022e-05
2.23896e-05
2.23348e-05
2.2255e-05
2.2151e-05
2.20266e-05
2.18836e-05
2.17264e-05
2.1558e-05
2.13842e-05
2.12034e-05
2.10168e-05
2.08294e-05
2.06395e-05
2.04507e-05
2.02602e-05
2.00763e-05
1.98908e-05
1.97196e-05
1.95449e-05
1.93916e-05
1.92386e-05
1.91141e-05
1.89977e-05
1.8928e-05
1.88892e-05
1.89063e-05
1.89416e-05
2.02975e-05
1.94001e-05
8.41493e-06
2.75957e-06
1.8352e-06
1.54659e-06
1.70679e-06
2.6157e-06
3.10991e-06
3.27585e-06
3.25011e-06
3.4206e-06
4.10327e-06
4.95689e-06
5.39724e-06
7.29024e-06
1.11578e-05
1.3848e-05
1.58337e-05
1.75404e-05
1.88879e-05
1.99948e-05
2.08985e-05
2.16298e-05
2.22216e-05
2.27004e-05
2.30674e-05
2.33514e-05
2.35667e-05
2.37243e-05
2.3827e-05
2.38846e-05
2.39394e-05
2.39596e-05
2.39463e-05
2.39207e-05
2.38748e-05
2.38092e-05
2.37276e-05
2.36316e-05
2.35248e-05
2.34091e-05
2.32845e-05
2.31537e-05
2.302e-05
2.28815e-05
2.2742e-05
2.25985e-05
2.24598e-05
2.23178e-05
2.21864e-05
2.20516e-05
2.19316e-05
2.18167e-05
2.17177e-05
2.16363e-05
2.1585e-05
2.15601e-05
2.15973e-05
2.15772e-05
2.27796e-05
2.2016e-05
1.23693e-05
4.16512e-06
2.48205e-06
2.1174e-06
2.01981e-06
2.46632e-06
3.44182e-06
3.93409e-06
4.19013e-06
4.39274e-06
5.05769e-06
5.97948e-06
6.5724e-06
7.2899e-06
1.11574e-05
1.38477e-05
1.58334e-05
1.754e-05
1.88876e-05
1.99944e-05
2.08981e-05
2.16294e-05
2.22214e-05
2.27002e-05
2.30672e-05
2.33511e-05
2.35665e-05
2.37241e-05
2.38268e-05
2.38845e-05
2.39394e-05
2.39597e-05
2.39464e-05
2.39209e-05
2.38751e-05
2.38096e-05
2.37281e-05
2.36322e-05
2.35254e-05
2.34099e-05
2.32853e-05
2.31546e-05
2.30209e-05
2.28825e-05
2.27431e-05
2.25996e-05
2.2461e-05
2.2319e-05
2.21876e-05
2.20529e-05
2.19329e-05
2.1818e-05
2.1719e-05
2.16376e-05
2.15863e-05
2.15615e-05
2.15986e-05
2.15785e-05
2.27811e-05
2.20174e-05
1.23699e-05
4.16533e-06
2.48209e-06
2.11746e-06
2.01986e-06
2.4664e-06
3.44191e-06
3.93416e-06
4.19016e-06
4.39276e-06
5.05773e-06
5.97953e-06
6.57245e-06
8.78001e-06
1.26927e-05
1.53313e-05
1.72673e-05
1.89064e-05
2.01921e-05
2.12329e-05
2.20704e-05
2.27394e-05
2.32763e-05
2.37125e-05
2.40466e-05
2.43124e-05
2.45236e-05
2.46895e-05
2.4805e-05
2.49002e-05
2.50001e-05
2.50634e-05
2.51056e-05
2.51337e-05
2.51423e-05
2.51345e-05
2.51212e-05
2.50946e-05
2.50601e-05
2.50126e-05
2.49543e-05
2.48891e-05
2.48191e-05
2.47431e-05
2.46631e-05
2.45772e-05
2.44943e-05
2.44059e-05
2.43249e-05
2.42394e-05
2.41645e-05
2.40948e-05
2.40354e-05
2.39915e-05
2.39789e-05
2.39643e-05
2.40673e-05
2.39791e-05
2.50894e-05
2.43575e-05
1.64108e-05
7.1387e-06
3.21746e-06
2.63486e-06
2.51041e-06
2.53851e-06
3.49012e-06
4.30509e-06
4.90545e-06
5.33121e-06
5.99448e-06
6.97756e-06
7.72307e-06
8.77961e-06
1.26923e-05
1.5331e-05
1.7267e-05
1.89061e-05
2.01917e-05
2.12325e-05
2.20701e-05
2.27391e-05
2.3276e-05
2.37123e-05
2.40464e-05
2.43123e-05
2.45234e-05
2.46894e-05
2.48049e-05
2.49002e-05
2.50002e-05
2.50636e-05
2.51059e-05
2.51341e-05
2.51428e-05
2.51351e-05
2.51218e-05
2.50954e-05
2.50609e-05
2.50135e-05
2.49553e-05
2.48901e-05
2.48203e-05
2.47443e-05
2.46644e-05
2.45785e-05
2.44957e-05
2.44073e-05
2.43264e-05
2.42409e-05
2.4166e-05
2.40963e-05
2.4037e-05
2.3993e-05
2.39805e-05
2.39659e-05
2.4069e-05
2.39807e-05
2.50911e-05
2.43592e-05
1.64117e-05
7.13926e-06
3.21753e-06
2.6349e-06
2.51046e-06
2.53857e-06
3.4902e-06
4.30518e-06
4.90551e-06
5.33125e-06
5.99455e-06
6.97766e-06
7.7232e-06
1.01661e-05
1.40028e-05
1.65125e-05
1.8365e-05
1.99021e-05
2.10993e-05
2.20546e-05
2.28142e-05
2.34126e-05
2.38897e-05
2.4282e-05
2.41834e-05
2.4093e-05
2.40667e-05
2.41148e-05
2.42328e-05
2.4458e-05
2.47501e-05
2.50712e-05
2.54317e-05
2.58225e-05
2.60196e-05
2.60811e-05
2.61336e-05
2.61812e-05
2.62226e-05
2.62475e-05
2.62624e-05
2.6269e-05
2.62714e-05
2.62641e-05
2.62509e-05
2.623e-05
2.62107e-05
2.6183e-05
2.61603e-05
2.613e-05
2.61094e-05
2.60889e-05
2.60795e-05
2.60754e-05
2.61097e-05
2.61135e-05
2.62856e-05
2.61707e-05
2.72117e-05
2.65091e-05
2.01311e-05
1.10592e-05
4.43926e-06
3.23498e-06
3.00845e-06
2.95496e-06
3.31844e-06
4.5784e-06
5.26321e-06
6.08252e-06
6.85078e-06
7.91605e-06
8.81412e-06
1.01656e-05
1.40024e-05
1.65122e-05
1.83647e-05
1.99018e-05
2.1099e-05
2.20543e-05
2.28139e-05
2.34123e-05
2.38895e-05
2.42819e-05
2.41834e-05
2.4093e-05
2.40667e-05
2.4115e-05
2.42329e-05
2.44581e-05
2.47502e-05
2.50713e-05
2.54319e-05
2.58227e-05
2.60202e-05
2.60818e-05
2.61344e-05
2.61821e-05
2.62236e-05
2.62486e-05
2.62636e-05
2.62703e-05
2.62727e-05
2.62655e-05
2.62524e-05
2.62316e-05
2.62123e-05
2.61847e-05
2.61621e-05
2.61318e-05
2.61112e-05
2.60907e-05
2.60814e-05
2.60773e-05
2.61116e-05
2.61155e-05
2.62875e-05
2.61727e-05
2.72137e-05
2.65111e-05
2.01324e-05
1.10597e-05
4.43944e-06
3.23504e-06
3.00851e-06
2.95503e-06
3.31853e-06
4.57852e-06
5.2633e-06
6.0826e-06
6.85088e-06
7.91621e-06
8.81434e-06
1.14051e-05
1.50233e-05
1.73764e-05
1.91144e-05
2.05274e-05
2.1623e-05
2.24863e-05
2.31661e-05
2.31775e-05
2.29387e-05
2.2731e-05
2.25683e-05
2.25092e-05
2.25317e-05
2.2632e-05
2.28159e-05
2.31024e-05
2.34287e-05
2.37977e-05
2.42127e-05
2.46623e-05
2.51218e-05
2.55973e-05
2.60921e-05
2.65985e-05
2.70731e-05
2.71756e-05
2.7269e-05
2.73528e-05
2.74331e-05
2.74984e-05
2.75577e-05
2.76063e-05
2.76567e-05
2.76939e-05
2.77356e-05
2.77639e-05
2.78048e-05
2.7836e-05
2.78846e-05
2.79226e-05
2.80109e-05
2.80425e-05
2.82616e-05
2.81832e-05
2.91235e-05
2.85152e-05
2.33294e-05
1.52873e-05
7.05281e-06
3.99449e-06
3.57232e-06
3.53603e-06
3.55798e-06
4.24788e-06
5.5246e-06
6.43211e-06
7.546e-06
8.7286e-06
9.8025e-06
1.14045e-05
1.50229e-05
1.73761e-05
1.91141e-05
2.05271e-05
2.16227e-05
2.2486e-05
2.31658e-05
2.31773e-05
2.29386e-05
2.2731e-05
2.25683e-05
2.25092e-05
2.25318e-05
2.26322e-05
2.28159e-05
2.31025e-05
2.34289e-05
2.37979e-05
2.42129e-05
2.46625e-05
2.51221e-05
2.55977e-05
2.60925e-05
2.65989e-05
2.70743e-05
2.7177e-05
2.72704e-05
2.73543e-05
2.74347e-05
2.75001e-05
2.75595e-05
2.76082e-05
2.76586e-05
2.76959e-05
2.77376e-05
2.7766e-05
2.7807e-05
2.78381e-05
2.78867e-05
2.79248e-05
2.80131e-05
2.80448e-05
2.82638e-05
2.81855e-05
2.91256e-05
2.85176e-05
2.3331e-05
1.52881e-05
7.05327e-06
3.99459e-06
3.57239e-06
3.53609e-06
3.55806e-06
4.24797e-06
5.5247e-06
6.43224e-06
7.54616e-06
8.72884e-06
9.80286e-06
1.24175e-05
1.57348e-05
1.79012e-05
1.95032e-05
2.07886e-05
2.17819e-05
2.18151e-05
2.15658e-05
2.13009e-05
2.11003e-05
2.09671e-05
2.09521e-05
2.10124e-05
2.11326e-05
2.13102e-05
2.1562e-05
2.18593e-05
2.21805e-05
2.25384e-05
2.2933e-05
2.33549e-05
2.38226e-05
2.43412e-05
2.48936e-05
2.54701e-05
2.60579e-05
2.66231e-05
2.71947e-05
2.77582e-05
2.83323e-05
2.85044e-05
2.86406e-05
2.8763e-05
2.88874e-05
2.89925e-05
2.91022e-05
2.91923e-05
2.92996e-05
2.93852e-05
2.9496e-05
2.95807e-05
2.97255e-05
2.97962e-05
3.00495e-05
3.00372e-05
3.0899e-05
3.03723e-05
2.60834e-05
1.94224e-05
1.1071e-05
5.24208e-06
4.25743e-06
4.08939e-06
4.13864e-06
4.32382e-06
5.24114e-06
6.61223e-06
7.86076e-06
9.35982e-06
1.06177e-05
1.24168e-05
1.57344e-05
1.79009e-05
1.9503e-05
2.07883e-05
2.17816e-05
2.18147e-05
2.15655e-05
2.13007e-05
2.11002e-05
2.09671e-05
2.09521e-05
2.10124e-05
2.11326e-05
2.13103e-05
2.15621e-05
2.18594e-05
2.21807e-05
2.25387e-05
2.29332e-05
2.33552e-05
2.38229e-05
2.43415e-05
2.4894e-05
2.54705e-05
2.60584e-05
2.66237e-05
2.71953e-05
2.7759e-05
2.83331e-05
2.85064e-05
2.86427e-05
2.87651e-05
2.88897e-05
2.89948e-05
2.91045e-05
2.91947e-05
2.9302e-05
2.93877e-05
2.94985e-05
2.95832e-05
2.9728e-05
2.97988e-05
3.0052e-05
3.00398e-05
3.09015e-05
3.0375e-05
2.60853e-05
1.94236e-05
1.10715e-05
5.24229e-06
4.25752e-06
4.08945e-06
4.13871e-06
4.32392e-06
5.24123e-06
6.61237e-06
7.86098e-06
9.36015e-06
1.06182e-05
1.31183e-05
1.60853e-05
1.80497e-05
1.9526e-05
2.01224e-05
1.99541e-05
1.97639e-05
1.95989e-05
1.95323e-05
1.95453e-05
1.96073e-05
1.97349e-05
1.99067e-05
2.01195e-05
2.03749e-05
2.06729e-05
2.09757e-05
2.12997e-05
2.16497e-05
2.20263e-05
2.24268e-05
2.28624e-05
2.33354e-05
2.38372e-05
2.43659e-05
2.4909e-05
2.55056e-05
2.61306e-05
2.67704e-05
2.74174e-05
2.80356e-05
2.86475e-05
2.92441e-05
2.98478e-05
3.01262e-05
3.03098e-05
3.04669e-05
3.06456e-05
3.0789e-05
3.09654e-05
3.1102e-05
3.13046e-05
3.14251e-05
3.1708e-05
3.17694e-05
3.25644e-05
3.20845e-05
2.85254e-05
2.31106e-05
1.54113e-05
7.99139e-06
5.09145e-06
4.73763e-06
4.78496e-06
4.86296e-06
5.2072e-06
6.23328e-06
7.89283e-06
9.60188e-06
1.11987e-05
1.31174e-05
1.60847e-05
1.80493e-05
1.95257e-05
2.01218e-05
1.99536e-05
1.97635e-05
1.95986e-05
1.95321e-05
1.95452e-05
1.96074e-05
1.97349e-05
1.99067e-05
2.01196e-05
2.03749e-05
2.0673e-05
2.09758e-05
2.12999e-05
2.165e-05
2.20266e-05
2.24271e-05
2.28628e-05
2.33358e-05
2.38377e-05
2.43664e-05
2.49095e-05
2.55062e-05
2.61312e-05
2.67711e-05
2.74182e-05
2.80366e-05
2.86486e-05
2.92453e-05
2.98491e-05
3.01288e-05
3.03126e-05
3.04697e-05
3.06484e-05
3.07918e-05
3.09683e-05
3.11049e-05
3.13075e-05
3.14281e-05
3.17109e-05
3.17724e-05
3.25671e-05
3.20875e-05
2.85276e-05
2.31123e-05
1.5412e-05
7.9919e-06
5.0916e-06
4.73771e-06
4.78503e-06
4.86305e-06
5.2073e-06
6.23342e-06
7.89307e-06
9.60229e-06
1.11995e-05
1.33781e-05
1.59941e-05
1.78181e-05
1.78927e-05
1.79098e-05
1.78667e-05
1.79525e-05
1.80825e-05
1.82409e-05
1.84311e-05
1.8666e-05
1.89142e-05
1.91637e-05
1.94295e-05
1.9729e-05
2.00291e-05
2.03408e-05
2.06753e-05
2.10333e-05
2.14149e-05
2.18207e-05
2.22518e-05
2.27061e-05
2.31804e-05
2.36768e-05
2.4188e-05
2.47377e-05
2.53106e-05
2.59079e-05
2.65077e-05
2.71558e-05
2.7828e-05
2.85094e-05
2.92012e-05
2.98544e-05
3.0528e-05
3.11386e-05
3.18756e-05
3.20864e-05
3.23369e-05
3.25311e-05
3.27945e-05
3.29722e-05
3.3289e-05
3.34209e-05
3.42015e-05
3.36872e-05
3.07434e-05
2.62801e-05
1.97679e-05
1.20751e-05
6.52647e-06
5.46068e-06
5.30347e-06
5.49756e-06
5.63565e-06
6.07874e-06
7.34321e-06
9.01868e-06
1.13816e-05
1.33767e-05
1.59934e-05
1.78177e-05
1.7892e-05
1.79092e-05
1.78662e-05
1.79521e-05
1.80823e-05
1.82408e-05
1.8431e-05
1.8666e-05
1.89142e-05
1.91638e-05
1.94295e-05
1.9729e-05
2.00292e-05
2.0341e-05
2.06756e-05
2.10336e-05
2.14153e-05
2.18211e-05
2.22523e-05
2.27066e-05
2.3181e-05
2.36775e-05
2.41887e-05
2.47384e-05
2.53114e-05
2.59087e-05
2.65086e-05
2.71568e-05
2.7829e-05
2.85105e-05
2.92024e-05
2.98558e-05
3.05295e-05
3.11403e-05
3.18777e-05
3.20897e-05
3.23402e-05
3.25344e-05
3.27979e-05
3.29756e-05
3.32923e-05
3.34242e-05
3.42045e-05
3.36905e-05
3.07461e-05
2.6282e-05
1.97691e-05
1.20756e-05
6.52676e-06
5.46079e-06
5.30355e-06
5.49763e-06
5.63575e-06
6.07888e-06
7.34343e-06
9.01921e-06
1.13826e-05
1.30627e-05
1.47205e-05
1.55222e-05
1.57067e-05
1.59955e-05
1.6331e-05
1.66989e-05
1.70257e-05
1.73632e-05
1.76963e-05
1.80101e-05
1.83037e-05
1.8591e-05
1.88977e-05
1.91996e-05
1.95105e-05
1.98429e-05
2.02018e-05
2.05868e-05
2.09973e-05
2.14331e-05
2.1891e-05
2.2366e-05
2.2856e-05
2.33615e-05
2.38807e-05
2.44169e-05
2.49639e-05
2.55285e-05
2.6099e-05
2.67024e-05
2.73281e-05
2.79733e-05
2.86318e-05
2.93156e-05
3.00682e-05
3.0784e-05
3.16455e-05
3.23314e-05
3.33844e-05
3.39266e-05
3.42649e-05
3.45015e-05
3.4859e-05
3.5043e-05
3.58639e-05
3.52898e-05
3.26549e-05
2.90564e-05
2.37484e-05
1.65968e-05
9.97195e-06
6.45211e-06
5.97286e-06
6.01193e-06
6.28008e-06
6.44454e-06
7.04459e-06
8.1644e-06
1.11141e-05
1.30607e-05
1.47196e-05
1.55214e-05
1.5706e-05
1.5995e-05
1.63306e-05
1.66986e-05
1.70255e-05
1.73631e-05
1.76963e-05
1.80101e-05
1.83037e-05
1.8591e-05
1.88978e-05
1.91998e-05
1.95106e-05
1.98431e-05
2.02021e-05
2.05872e-05
2.09978e-05
2.14336e-05
2.18916e-05
2.23666e-05
2.28567e-05
2.33622e-05
2.38816e-05
2.44179e-05
2.49649e-05
2.55296e-05
2.61002e-05
2.67036e-05
2.73294e-05
2.79747e-05
2.86333e-05
2.9317e-05
3.00697e-05
3.07856e-05
3.16472e-05
3.23335e-05
3.33866e-05
3.39304e-05
3.42686e-05
3.45053e-05
3.48626e-05
3.50464e-05
3.58673e-05
3.52931e-05
3.26581e-05
2.90588e-05
2.37501e-05
1.65976e-05
9.97261e-06
6.45232e-06
5.97297e-06
6.01202e-06
6.28019e-06
6.44466e-06
7.04475e-06
8.16482e-06
1.1115e-05
1.26357e-05
1.2766e-05
1.35282e-05
1.41752e-05
1.47925e-05
1.53804e-05
1.58844e-05
1.63571e-05
1.67852e-05
1.71637e-05
1.75016e-05
1.78141e-05
1.8137e-05
1.84454e-05
1.87634e-05
1.91038e-05
1.94722e-05
1.98718e-05
2.03016e-05
2.07599e-05
2.12449e-05
2.1752e-05
2.22752e-05
2.28118e-05
2.33593e-05
2.39179e-05
2.44818e-05
2.50483e-05
2.56205e-05
2.61989e-05
2.67883e-05
2.7388e-05
2.8001e-05
2.86329e-05
2.92836e-05
3.00021e-05
3.07051e-05
3.15553e-05
3.23189e-05
3.35334e-05
3.44324e-05
3.57592e-05
3.60558e-05
3.6458e-05
3.66743e-05
3.75474e-05
3.69501e-05
3.43751e-05
3.14719e-05
2.71862e-05
2.11594e-05
1.39571e-05
8.57917e-06
6.81846e-06
6.67025e-06
6.86511e-06
7.11843e-06
7.3853e-06
7.76875e-06
1.05856e-05
1.26334e-05
1.27652e-05
1.35275e-05
1.41747e-05
1.47921e-05
1.53801e-05
1.58842e-05
1.63571e-05
1.67853e-05
1.71637e-05
1.75017e-05
1.78142e-05
1.81372e-05
1.84457e-05
1.8764e-05
1.91042e-05
1.94726e-05
1.98722e-05
2.0302e-05
2.07605e-05
2.12455e-05
2.17527e-05
2.2276e-05
2.28127e-05
2.33602e-05
2.39189e-05
2.4483e-05
2.50495e-05
2.56218e-05
2.62003e-05
2.67898e-05
2.73897e-05
2.80026e-05
2.86347e-05
2.92854e-05
3.0004e-05
3.07071e-05
3.15575e-05
3.23211e-05
3.35356e-05
3.44349e-05
3.57633e-05
3.60598e-05
3.64618e-05
3.66782e-05
3.75513e-05
3.69538e-05
3.43785e-05
3.14747e-05
2.71882e-05
2.11607e-05
1.39576e-05
8.57961e-06
6.81866e-06
6.67037e-06
6.86524e-06
7.11855e-06
7.38543e-06
7.76906e-06
1.05862e-05
1.10763e-05
1.15994e-05
1.25405e-05
1.34616e-05
1.42241e-05
1.48656e-05
1.54553e-05
1.59676e-05
1.6407e-05
1.67905e-05
1.71372e-05
1.74801e-05
1.7802e-05
1.81306e-05
1.8483e-05
1.8868e-05
1.92893e-05
1.97477e-05
2.02403e-05
2.07637e-05
2.13131e-05
2.1884e-05
2.24705e-05
2.30694e-05
2.36763e-05
2.4291e-05
2.49059e-05
2.55197e-05
2.61308e-05
2.67448e-05
2.73567e-05
2.79702e-05
2.85855e-05
2.9221e-05
2.98614e-05
3.05587e-05
3.12437e-05
3.20859e-05
3.28482e-05
3.4068e-05
3.49899e-05
3.70002e-05
3.76575e-05
3.81114e-05
3.83542e-05
3.92513e-05
3.87022e-05
3.60476e-05
3.3533e-05
3.01529e-05
2.53036e-05
1.8668e-05
1.24118e-05
8.32269e-06
7.46938e-06
7.51367e-06
7.76692e-06
8.14759e-06
8.07994e-06
9.50099e-06
1.10756e-05
1.15989e-05
1.254e-05
1.34612e-05
1.42238e-05
1.48654e-05
1.54553e-05
1.59676e-05
1.64071e-05
1.67906e-05
1.71372e-05
1.74801e-05
1.78021e-05
1.81309e-05
1.84835e-05
1.88689e-05
1.92906e-05
1.97493e-05
2.02422e-05
2.07647e-05
2.13139e-05
2.18849e-05
2.24714e-05
2.30704e-05
2.36774e-05
2.42923e-05
2.49072e-05
2.55211e-05
2.61323e-05
2.67465e-05
2.73585e-05
2.79722e-05
2.85876e-05
2.92232e-05
2.98636e-05
3.05611e-05
3.12461e-05
3.20884e-05
3.28509e-05
3.40707e-05
3.49925e-05
3.70028e-05
3.7662e-05
3.81158e-05
3.83586e-05
3.92558e-05
3.87064e-05
3.60511e-05
3.35363e-05
3.01554e-05
2.53053e-05
1.86689e-05
1.24122e-05
8.32306e-06
7.46957e-06
7.51379e-06
7.76702e-06
8.14771e-06
8.08018e-06
9.50132e-06
1.0636e-05
1.15753e-05
1.24825e-05
1.34171e-05
1.41184e-05
1.47403e-05
1.53195e-05
1.58016e-05
1.6225e-05
1.66106e-05
1.69761e-05
1.73224e-05
1.76738e-05
1.80507e-05
1.84612e-05
1.89122e-05
1.94042e-05
1.99361e-05
2.05032e-05
2.11011e-05
2.17245e-05
2.23682e-05
2.30259e-05
2.36932e-05
2.43656e-05
2.50412e-05
2.57136e-05
2.63822e-05
2.70438e-05
2.77047e-05
2.83572e-05
2.90077e-05
2.96521e-05
3.03144e-05
3.09734e-05
3.1683e-05
3.23781e-05
3.32312e-05
3.40115e-05
3.52472e-05
3.61804e-05
3.82533e-05
3.93527e-05
3.98446e-05
4.0109e-05
4.10087e-05
4.05563e-05
3.78084e-05
3.5364e-05
3.26575e-05
2.88582e-05
2.33327e-05
1.67811e-05
1.18235e-05
8.65321e-06
8.33426e-06
8.40527e-06
8.91027e-06
8.88739e-06
9.45074e-06
1.06362e-05
1.15754e-05
1.24824e-05
1.3417e-05
1.41183e-05
1.47403e-05
1.53196e-05
1.58017e-05
1.62251e-05
1.66106e-05
1.69761e-05
1.73224e-05
1.76738e-05
1.80509e-05
1.84615e-05
1.89128e-05
1.94051e-05
1.99374e-05
2.05048e-05
2.11028e-05
2.17263e-05
2.237e-05
2.30279e-05
2.36954e-05
2.43675e-05
2.50432e-05
2.57155e-05
2.63841e-05
2.70458e-05
2.77067e-05
2.83592e-05
2.90098e-05
2.96544e-05
3.03167e-05
3.09758e-05
3.16854e-05
3.23805e-05
3.32337e-05
3.40141e-05
3.52502e-05
3.61837e-05
3.82558e-05
3.93578e-05
3.98496e-05
4.01139e-05
4.10137e-05
4.0561e-05
3.78123e-05
3.53677e-05
3.26605e-05
2.88603e-05
2.33342e-05
1.67818e-05
1.18238e-05
8.65353e-06
8.33444e-06
8.40539e-06
8.91036e-06
8.88757e-06
9.45103e-06
1.12706e-05
1.23865e-05
1.30143e-05
1.37564e-05
1.43709e-05
1.49274e-05
1.54391e-05
1.58685e-05
1.62921e-05
1.66747e-05
1.70513e-05
1.74403e-05
1.7856e-05
1.831e-05
1.88065e-05
1.93475e-05
1.99299e-05
2.05509e-05
2.12038e-05
2.18835e-05
2.25831e-05
2.3298e-05
2.40222e-05
2.47507e-05
2.54808e-05
2.62108e-05
2.69347e-05
2.76525e-05
2.83612e-05
2.90657e-05
2.97587e-05
3.04494e-05
3.11313e-05
3.18299e-05
3.25219e-05
3.32645e-05
3.39959e-05
3.48805e-05
3.5723e-05
3.69901e-05
3.7999e-05
4.02347e-05
4.11578e-05
4.1668e-05
4.19462e-05
4.28413e-05
4.24968e-05
3.97334e-05
3.71457e-05
3.4769e-05
3.18169e-05
2.74773e-05
2.1671e-05
1.56644e-05
1.13387e-05
9.41348e-06
9.25595e-06
9.6448e-06
9.65775e-06
1.02822e-05
1.12718e-05
1.23872e-05
1.30146e-05
1.37566e-05
1.43709e-05
1.49273e-05
1.54391e-05
1.58684e-05
1.6292e-05
1.66747e-05
1.70512e-05
1.74402e-05
1.78559e-05
1.831e-05
1.88066e-05
1.93479e-05
1.99306e-05
2.05519e-05
2.12051e-05
2.18851e-05
2.25848e-05
2.32998e-05
2.40241e-05
2.47528e-05
2.5483e-05
2.62131e-05
2.69371e-05
2.7655e-05
2.83637e-05
2.90681e-05
2.97611e-05
3.04517e-05
3.11338e-05
3.18323e-05
3.25244e-05
3.3267e-05
3.39985e-05
3.48833e-05
3.57259e-05
3.69937e-05
3.80024e-05
4.02378e-05
4.11634e-05
4.16735e-05
4.19516e-05
4.28469e-05
4.2502e-05
3.97377e-05
3.71499e-05
3.47725e-05
3.18197e-05
2.74793e-05
2.16722e-05
1.5665e-05
1.13393e-05
9.41377e-06
9.25613e-06
9.64488e-06
9.65795e-06
1.02827e-05
1.21737e-05
1.34317e-05
1.3766e-05
1.43732e-05
1.49017e-05
1.53546e-05
1.5794e-05
1.62139e-05
1.66164e-05
1.70299e-05
1.74696e-05
1.7947e-05
1.84667e-05
1.90296e-05
1.96361e-05
2.0284e-05
2.09668e-05
2.16807e-05
2.24177e-05
2.31749e-05
2.39436e-05
2.47215e-05
2.55004e-05
2.62775e-05
2.70523e-05
2.78219e-05
2.85825e-05
2.93348e-05
3.00764e-05
3.08119e-05
3.15355e-05
3.22593e-05
3.29744e-05
3.37067e-05
3.44343e-05
3.52201e-05
3.60008e-05
3.69326e-05
3.78689e-05
3.916e-05
4.03574e-05
4.26494e-05
4.30569e-05
4.35758e-05
4.38641e-05
4.47586e-05
4.44929e-05
4.17654e-05
3.91242e-05
3.6702e-05
3.42558e-05
3.09589e-05
2.62724e-05
2.04673e-05
1.52394e-05
1.16572e-05
1.02637e-05
1.06286e-05
1.03194e-05
1.12286e-05
1.21755e-05
1.34332e-05
1.37667e-05
1.43735e-05
1.49017e-05
1.53543e-05
1.57936e-05
1.62135e-05
1.6616e-05
1.70295e-05
1.74693e-05
1.79467e-05
1.84664e-05
1.90294e-05
1.96362e-05
2.02843e-05
2.09674e-05
2.16817e-05
2.24189e-05
2.31764e-05
2.39453e-05
2.47233e-05
2.55024e-05
2.62797e-05
2.70546e-05
2.78243e-05
2.8585e-05
2.93373e-05
3.0079e-05
3.08145e-05
3.15381e-05
3.22618e-05
3.2977e-05
3.37094e-05
3.44371e-05
3.52229e-05
3.60038e-05
3.69357e-05
3.78723e-05
3.9164e-05
4.03607e-05
4.26553e-05
4.3063e-05
4.35818e-05
4.387e-05
4.47646e-05
4.44986e-05
4.17703e-05
3.91283e-05
3.67061e-05
3.42591e-05
3.09613e-05
2.62741e-05
2.04683e-05
1.52399e-05
1.16577e-05
1.02641e-05
1.06287e-05
1.03196e-05
1.12293e-05
1.30538e-05
1.45456e-05
1.4752e-05
1.51644e-05
1.55931e-05
1.6004e-05
1.64044e-05
1.68401e-05
1.7309e-05
1.78222e-05
1.83853e-05
1.89972e-05
1.96511e-05
2.03391e-05
2.10591e-05
2.18066e-05
2.25754e-05
2.33632e-05
2.41618e-05
2.49728e-05
2.57855e-05
2.66041e-05
2.74154e-05
2.82208e-05
2.90208e-05
2.98128e-05
3.0594e-05
3.13651e-05
3.21251e-05
3.28788e-05
3.36226e-05
3.43671e-05
3.51074e-05
3.58678e-05
3.66291e-05
3.746e-05
3.82889e-05
3.92852e-05
4.03136e-05
4.16546e-05
4.31651e-05
4.46297e-05
4.50274e-05
4.55586e-05
4.58598e-05
4.67673e-05
4.6538e-05
4.38875e-05
4.12623e-05
3.86983e-05
3.6385e-05
3.37986e-05
3.02231e-05
2.53625e-05
1.97001e-05
1.53531e-05
1.18831e-05
1.14416e-05
1.12746e-05
1.20368e-05
1.30565e-05
1.45474e-05
1.47526e-05
1.51643e-05
1.55926e-05
1.60032e-05
1.64035e-05
1.68393e-05
1.73082e-05
1.78215e-05
1.83847e-05
1.89967e-05
1.96507e-05
2.03389e-05
2.10592e-05
2.18071e-05
2.25761e-05
2.33643e-05
2.41632e-05
2.49744e-05
2.57874e-05
2.66061e-05
2.74177e-05
2.82232e-05
2.90233e-05
2.98154e-05
3.05967e-05
3.13678e-05
3.21279e-05
3.28816e-05
3.36254e-05
3.43699e-05
3.51102e-05
3.58708e-05
3.66322e-05
3.74632e-05
3.82923e-05
3.92886e-05
4.03173e-05
4.16586e-05
4.31684e-05
4.46363e-05
4.50341e-05
4.55653e-05
4.58663e-05
4.67738e-05
4.65444e-05
4.3893e-05
4.12669e-05
3.87028e-05
3.6389e-05
3.38018e-05
3.02255e-05
2.53641e-05
1.9701e-05
1.53538e-05
1.18836e-05
1.1442e-05
1.12747e-05
1.20388e-05
1.39939e-05
1.5293e-05
1.57458e-05
1.60683e-05
1.64889e-05
1.69259e-05
1.74161e-05
1.79785e-05
1.8606e-05
1.92842e-05
2.00106e-05
2.07705e-05
2.15469e-05
2.2331e-05
2.31252e-05
2.3927e-05
2.47353e-05
2.55506e-05
2.63669e-05
2.71912e-05
2.80103e-05
2.88313e-05
2.96489e-05
3.04603e-05
3.12632e-05
3.20582e-05
3.28436e-05
3.36196e-05
3.43863e-05
3.5149e-05
3.59054e-05
3.66648e-05
3.74247e-05
3.8211e-05
3.90049e-05
3.98746e-05
4.07524e-05
4.18303e-05
4.29231e-05
4.44123e-05
4.60846e-05
4.66681e-05
4.70693e-05
4.76186e-05
4.79343e-05
4.88615e-05
4.86467e-05
4.60848e-05
4.34964e-05
4.09337e-05
3.8466e-05
3.61669e-05
3.34276e-05
2.96881e-05
2.46789e-05
1.97144e-05
1.55385e-05
1.32197e-05
1.24517e-05
1.28189e-05
1.39964e-05
1.52914e-05
1.57458e-05
1.60674e-05
1.64877e-05
1.69245e-05
1.74147e-05
1.79771e-05
1.86048e-05
1.92832e-05
2.00099e-05
2.07701e-05
2.15468e-05
2.23311e-05
2.31256e-05
2.39278e-05
2.47364e-05
2.5552e-05
2.63686e-05
2.71932e-05
2.80125e-05
2.88337e-05
2.96515e-05
3.0463e-05
3.1266e-05
3.20611e-05
3.28465e-05
3.36225e-05
3.43893e-05
3.5152e-05
3.59085e-05
3.6668e-05
3.74279e-05
3.82143e-05
3.90083e-05
3.98781e-05
4.0756e-05
4.18339e-05
4.29271e-05
4.44157e-05
4.60915e-05
4.66754e-05
4.70766e-05
4.76258e-05
4.79413e-05
4.88684e-05
4.86535e-05
4.60908e-05
4.35015e-05
4.09381e-05
3.84706e-05
3.61706e-05
3.34304e-05
2.96903e-05
2.46803e-05
1.97153e-05
1.55392e-05
1.32201e-05
1.24515e-05
1.28175e-05
1.44301e-05
1.5605e-05
1.67411e-05
1.72608e-05
1.78366e-05
1.84869e-05
1.92111e-05
2.00032e-05
2.08318e-05
2.16685e-05
2.2518e-05
2.33606e-05
2.41788e-05
2.49726e-05
2.57583e-05
2.65372e-05
2.73167e-05
2.80981e-05
2.88793e-05
2.96688e-05
3.046e-05
3.12527e-05
3.20458e-05
3.28374e-05
3.36255e-05
3.441e-05
3.51878e-05
3.59602e-05
3.67275e-05
3.74946e-05
3.82609e-05
3.90344e-05
3.98144e-05
4.06266e-05
4.14558e-05
4.23699e-05
4.32977e-05
4.44526e-05
4.56101e-05
4.73065e-05
4.82304e-05
4.8783e-05
4.91961e-05
4.97651e-05
5.00969e-05
5.10505e-05
5.08379e-05
4.83502e-05
4.5816e-05
4.32958e-05
4.07772e-05
3.84153e-05
3.60523e-05
3.32625e-05
2.92766e-05
2.46445e-05
1.97219e-05
1.64082e-05
1.40625e-05
1.3548e-05
1.44286e-05
1.56041e-05
1.6741e-05
1.72592e-05
1.78348e-05
1.8485e-05
1.92093e-05
2.00016e-05
2.08305e-05
2.16676e-05
2.25176e-05
2.33606e-05
2.41792e-05
2.49734e-05
2.57594e-05
2.65385e-05
2.73183e-05
2.81001e-05
2.88814e-05
2.96712e-05
3.04626e-05
3.12555e-05
3.20488e-05
3.28404e-05
3.36287e-05
3.44131e-05
3.5191e-05
3.59634e-05
3.67307e-05
3.74978e-05
3.82642e-05
3.90377e-05
3.98178e-05
4.063e-05
4.14594e-05
4.23735e-05
4.33015e-05
4.44564e-05
4.56141e-05
4.73099e-05
4.8238e-05
4.87908e-05
4.92038e-05
4.97727e-05
5.01044e-05
5.10578e-05
5.08452e-05
4.83568e-05
4.58218e-05
4.33008e-05
4.07823e-05
3.84197e-05
3.60556e-05
3.32652e-05
2.92787e-05
2.46459e-05
1.97229e-05
1.64085e-05
1.40637e-05
1.35476e-05
1.55939e-05
1.67866e-05
1.79767e-05
1.91742e-05
2.0182e-05
2.11662e-05
2.21629e-05
2.31579e-05
2.41124e-05
2.50153e-05
2.58417e-05
2.66194e-05
2.73541e-05
2.80499e-05
2.87369e-05
2.94174e-05
3.01054e-05
3.08046e-05
3.15144e-05
3.22365e-05
3.29707e-05
3.37144e-05
3.44658e-05
3.5223e-05
3.5984e-05
3.67485e-05
3.75144e-05
3.82809e-05
3.90476e-05
3.98193e-05
4.05967e-05
4.13876e-05
4.21921e-05
4.30339e-05
4.39051e-05
4.48651e-05
4.58595e-05
4.7073e-05
4.83267e-05
4.99031e-05
5.04453e-05
5.10009e-05
5.1428e-05
5.20161e-05
5.23654e-05
5.33496e-05
5.31332e-05
5.06942e-05
4.82214e-05
4.57464e-05
4.32633e-05
4.08316e-05
3.84447e-05
3.62139e-05
3.30893e-05
2.93683e-05
2.45454e-05
2.0572e-05
1.74744e-05
1.48358e-05
1.55934e-05
1.67864e-05
1.79775e-05
1.9176e-05
2.01804e-05
2.11648e-05
2.21618e-05
2.31573e-05
2.41122e-05
2.50157e-05
2.58423e-05
2.66205e-05
2.73554e-05
2.80515e-05
2.87388e-05
2.94195e-05
3.01076e-05
3.0807e-05
3.15169e-05
3.22392e-05
3.29736e-05
3.37174e-05
3.4469e-05
3.52262e-05
3.59874e-05
3.67518e-05
3.75178e-05
3.82843e-05
3.90509e-05
3.98226e-05
4.06001e-05
4.1391e-05
4.21955e-05
4.30374e-05
4.39086e-05
4.48687e-05
4.58633e-05
4.70769e-05
4.83303e-05
4.9911e-05
5.04537e-05
5.10092e-05
5.14362e-05
5.20242e-05
5.23733e-05
5.33573e-05
5.31408e-05
5.07013e-05
4.82277e-05
4.57518e-05
4.32689e-05
4.08367e-05
3.84484e-05
3.6217e-05
3.30919e-05
2.93703e-05
2.4547e-05
2.05723e-05
1.74758e-05
1.48359e-05
1.80819e-05
1.9281e-05
2.048e-05
2.16838e-05
2.28904e-05
2.40882e-05
2.5291e-05
2.64938e-05
2.76983e-05
2.88728e-05
2.95824e-05
3.01705e-05
3.07272e-05
3.12594e-05
3.1794e-05
3.23427e-05
3.2912e-05
3.35058e-05
3.4125e-05
3.47681e-05
3.54344e-05
3.6121e-05
3.6825e-05
3.75439e-05
3.82751e-05
3.90174e-05
3.9769e-05
4.05292e-05
4.12977e-05
4.20781e-05
4.28705e-05
4.36836e-05
4.45194e-05
4.53973e-05
4.63179e-05
4.73268e-05
4.83996e-05
4.96625e-05
5.10346e-05
5.22403e-05
5.27795e-05
5.33485e-05
5.37905e-05
5.43979e-05
5.47653e-05
5.57848e-05
5.55571e-05
5.3142e-05
5.07108e-05
4.82916e-05
4.5856e-05
4.34684e-05
4.09369e-05
3.8833e-05
3.62475e-05
3.34449e-05
2.95025e-05
2.50869e-05
2.18801e-05
1.74643e-05
1.80819e-05
1.92822e-05
2.04821e-05
2.16865e-05
2.28938e-05
2.40922e-05
2.52954e-05
2.64986e-05
2.77036e-05
2.88785e-05
2.95843e-05
3.01727e-05
3.07294e-05
3.12618e-05
3.17965e-05
3.23452e-05
3.29147e-05
3.35085e-05
3.41278e-05
3.4771e-05
3.54374e-05
3.61241e-05
3.68282e-05
3.75472e-05
3.82785e-05
3.90209e-05
3.97725e-05
4.05327e-05
4.13012e-05
4.20814e-05
4.28739e-05
4.36869e-05
4.45228e-05
4.54008e-05
4.63213e-05
4.73303e-05
4.84031e-05
4.96663e-05
5.1038e-05
5.22485e-05
5.27881e-05
5.3357e-05
5.37989e-05
5.44062e-05
5.47734e-05
5.57928e-05
5.5565e-05
5.31494e-05
5.07176e-05
4.82977e-05
4.58615e-05
4.34739e-05
4.09414e-05
3.88367e-05
3.62508e-05
3.34472e-05
2.9505e-05
2.50877e-05
2.18812e-05
1.74649e-05
2.1793e-05
2.29179e-05
2.405e-05
2.5185e-05
2.63214e-05
2.74579e-05
2.86011e-05
2.97436e-05
3.08915e-05
3.20301e-05
3.31509e-05
3.37015e-05
3.40489e-05
3.44005e-05
3.47767e-05
3.51868e-05
3.5635e-05
3.61231e-05
3.66507e-05
3.72155e-05
3.78151e-05
3.84459e-05
3.91042e-05
3.97867e-05
4.04902e-05
4.1213e-05
4.19528e-05
4.27089e-05
4.34809e-05
4.42724e-05
4.50847e-05
4.59258e-05
4.67984e-05
4.77211e-05
4.86969e-05
4.97639e-05
5.09156e-05
5.22337e-05
5.37141e-05
5.47208e-05
5.52723e-05
5.58577e-05
5.63161e-05
5.69435e-05
5.73292e-05
5.83899e-05
5.81428e-05
5.57264e-05
5.33054e-05
5.09406e-05
4.85414e-05
4.62152e-05
4.36989e-05
4.14773e-05
3.90874e-05
3.67687e-05
3.38465e-05
2.98449e-05
2.64538e-05
2.12275e-05
2.17936e-05
2.29206e-05
2.40535e-05
2.51891e-05
2.63259e-05
2.74629e-05
2.86064e-05
2.97493e-05
3.08977e-05
3.20368e-05
3.3158e-05
3.37041e-05
3.40515e-05
3.44031e-05
3.47794e-05
3.51896e-05
3.56378e-05
3.61259e-05
3.66536e-05
3.72185e-05
3.78181e-05
3.8449e-05
3.91074e-05
3.97899e-05
4.04935e-05
4.12163e-05
4.19561e-05
4.27122e-05
4.34843e-05
4.42757e-05
4.5088e-05
4.59291e-05
4.68016e-05
4.77243e-05
4.87001e-05
4.97671e-05
5.09188e-05
5.22371e-05
5.37172e-05
5.47291e-05
5.52809e-05
5.58662e-05
5.63246e-05
5.69518e-05
5.73373e-05
5.83978e-05
5.81508e-05
5.57342e-05
5.33127e-05
5.09472e-05
4.85471e-05
4.62206e-05
4.37039e-05
4.14815e-05
3.90914e-05
3.67716e-05
3.38492e-05
2.98467e-05
2.64551e-05
2.12284e-05
2.61368e-05
2.71132e-05
2.81297e-05
2.91482e-05
3.01758e-05
3.12125e-05
3.2255e-05
3.32982e-05
3.43534e-05
3.5407e-05
3.64543e-05
3.71278e-05
3.7257e-05
3.7429e-05
3.76551e-05
3.79332e-05
3.82667e-05
3.86559e-05
3.90983e-05
3.95906e-05
4.01287e-05
4.07085e-05
4.13255e-05
4.19756e-05
4.26553e-05
4.33621e-05
4.4094e-05
4.48499e-05
4.56294e-05
4.64361e-05
4.72717e-05
4.81448e-05
4.90569e-05
5.00303e-05
5.10682e-05
5.22053e-05
5.34319e-05
5.48243e-05
5.64013e-05
5.73812e-05
5.79575e-05
5.85615e-05
5.904e-05
5.969e-05
6.00941e-05
6.12022e-05
6.0929e-05
5.84853e-05
5.60446e-05
5.3706e-05
5.13269e-05
4.90522e-05
4.66042e-05
4.43531e-05
4.20041e-05
3.96275e-05
3.75072e-05
3.42959e-05
3.09611e-05
2.56975e-05
2.61382e-05
2.71177e-05
2.8135e-05
2.9154e-05
3.01821e-05
3.1219e-05
3.22618e-05
3.33053e-05
3.4361e-05
3.5415e-05
3.64628e-05
3.71301e-05
3.72595e-05
3.74317e-05
3.76579e-05
3.79361e-05
3.82696e-05
3.86589e-05
3.91013e-05
3.95935e-05
4.01317e-05
4.07115e-05
4.13285e-05
4.19786e-05
4.26583e-05
4.33652e-05
4.40971e-05
4.48529e-05
4.56324e-05
4.64391e-05
4.72747e-05
4.81477e-05
4.90598e-05
5.00331e-05
5.1071e-05
5.2208e-05
5.34347e-05
5.48271e-05
5.64037e-05
5.73892e-05
5.79658e-05
5.85698e-05
5.90482e-05
5.9698e-05
6.01019e-05
6.12099e-05
6.09368e-05
5.84931e-05
5.60522e-05
5.3713e-05
5.1333e-05
4.90581e-05
4.66098e-05
4.43579e-05
4.20084e-05
3.9631e-05
3.75103e-05
3.42984e-05
3.0963e-05
2.56986e-05
3.06324e-05
3.14694e-05
3.23418e-05
3.32256e-05
3.41223e-05
3.50355e-05
3.5968e-05
3.69161e-05
3.78769e-05
3.88419e-05
3.98167e-05
4.04389e-05
4.03603e-05
4.0364e-05
4.04505e-05
4.06068e-05
4.0835e-05
4.11337e-05
4.14985e-05
4.19249e-05
4.24078e-05
4.2942e-05
4.35227e-05
4.41452e-05
4.48054e-05
4.55008e-05
4.62291e-05
4.69891e-05
4.77809e-05
4.86084e-05
4.94728e-05
5.03829e-05
5.13423e-05
5.2371e-05
5.34724e-05
5.4686e-05
5.59943e-05
5.74785e-05
5.91584e-05
6.02559e-05
6.08631e-05
6.14974e-05
6.19991e-05
6.26768e-05
6.31005e-05
6.4262e-05
6.39585e-05
6.14622e-05
5.89785e-05
5.66222e-05
5.42513e-05
5.19894e-05
4.96515e-05
4.73149e-05
4.51755e-05
4.25691e-05
4.07473e-05
3.80255e-05
3.54323e-05
3.02827e-05
3.06348e-05
3.14763e-05
3.23494e-05
3.32337e-05
3.41309e-05
3.50444e-05
3.59771e-05
3.69253e-05
3.78864e-05
3.88516e-05
3.98266e-05
4.04412e-05
4.03629e-05
4.03669e-05
4.04534e-05
4.06098e-05
4.0838e-05
4.11366e-05
4.15015e-05
4.19278e-05
4.24107e-05
4.29449e-05
4.35255e-05
4.41479e-05
4.48081e-05
4.55034e-05
4.62317e-05
4.69916e-05
4.77834e-05
4.86108e-05
4.94751e-05
5.03851e-05
5.13445e-05
5.23732e-05
5.34745e-05
5.46881e-05
5.59963e-05
5.74804e-05
5.91599e-05
6.02633e-05
6.08707e-05
6.1505e-05
6.20066e-05
6.26841e-05
6.31077e-05
6.42691e-05
6.39658e-05
6.14699e-05
5.89862e-05
5.66296e-05
5.42579e-05
5.19958e-05
4.96576e-05
4.73203e-05
4.51802e-05
4.25732e-05
4.07506e-05
3.80285e-05
3.54347e-05
3.02843e-05
3.50621e-05
3.57524e-05
3.65006e-05
3.72617e-05
3.80376e-05
3.88409e-05
3.96696e-05
4.05294e-05
4.14121e-05
4.23082e-05
4.32109e-05
4.35914e-05
4.33516e-05
4.32138e-05
4.31784e-05
4.32284e-05
4.3364e-05
4.35829e-05
4.38797e-05
4.42486e-05
4.46837e-05
4.51791e-05
4.57295e-05
4.633e-05
4.69767e-05
4.76666e-05
4.83975e-05
4.91684e-05
4.99791e-05
5.08331e-05
5.17331e-05
5.26873e-05
5.3701e-05
5.47932e-05
5.59673e-05
5.72649e-05
5.86641e-05
6.02529e-05
6.20503e-05
6.33828e-05
6.40266e-05
6.46989e-05
6.52305e-05
6.59452e-05
6.63922e-05
6.76124e-05
6.72804e-05
6.47071e-05
6.21591e-05
5.97406e-05
5.73637e-05
5.50618e-05
5.283e-05
5.04292e-05
4.84126e-05
4.58348e-05
4.39468e-05
4.13809e-05
3.94396e-05
3.48543e-05
3.50661e-05
3.57625e-05
3.65112e-05
3.72728e-05
3.8049e-05
3.88524e-05
3.96811e-05
4.05409e-05
4.14237e-05
4.23198e-05
4.3222e-05
4.35941e-05
4.33546e-05
4.32171e-05
4.31816e-05
4.32314e-05
4.3367e-05
4.35858e-05
4.38824e-05
4.42512e-05
4.46862e-05
4.51815e-05
4.57318e-05
4.63322e-05
4.69788e-05
4.76686e-05
4.83994e-05
4.91701e-05
4.99808e-05
5.08346e-05
5.17345e-05
5.26887e-05
5.37023e-05
5.47944e-05
5.59685e-05
5.72659e-05
5.86651e-05
6.02539e-05
6.20506e-05
6.33891e-05
6.40332e-05
6.47056e-05
6.52371e-05
6.59512e-05
6.63984e-05
6.76184e-05
6.72869e-05
6.47143e-05
6.21666e-05
5.97481e-05
5.73707e-05
5.50686e-05
5.28362e-05
5.04351e-05
4.84178e-05
4.58394e-05
4.39506e-05
4.13844e-05
3.94425e-05
3.48561e-05
3.92279e-05
3.98195e-05
4.04786e-05
4.11558e-05
4.1862e-05
4.26021e-05
4.33737e-05
4.41753e-05
4.49995e-05
4.58463e-05
4.66622e-05
4.65944e-05
4.6245e-05
4.59978e-05
4.58605e-05
4.58221e-05
4.58812e-05
4.60339e-05
4.62744e-05
4.65961e-05
4.69925e-05
4.74572e-05
4.79857e-05
4.85729e-05
4.92143e-05
4.99067e-05
5.06479e-05
5.14371e-05
5.22745e-05
5.31633e-05
5.4107e-05
5.51141e-05
5.61907e-05
5.73558e-05
5.86134e-05
6.00056e-05
6.15097e-05
6.321e-05
6.51393e-05
6.68068e-05
6.74909e-05
6.82136e-05
6.87834e-05
6.95327e-05
7.00099e-05
7.12979e-05
7.09446e-05
6.827e-05
6.56376e-05
6.3123e-05
6.07169e-05
5.83337e-05
5.61581e-05
5.37339e-05
5.17693e-05
4.92385e-05
4.73942e-05
4.48092e-05
4.31088e-05
3.91355e-05
3.92332e-05
3.98319e-05
4.04916e-05
4.11695e-05
4.18759e-05
4.2616e-05
4.33877e-05
4.41892e-05
4.50132e-05
4.58597e-05
4.66745e-05
4.65974e-05
4.6248e-05
4.60009e-05
4.58635e-05
4.58249e-05
4.58837e-05
4.60362e-05
4.62765e-05
4.65981e-05
4.69943e-05
4.74589e-05
4.79873e-05
4.85743e-05
4.92155e-05
4.99078e-05
5.06488e-05
5.14379e-05
5.22752e-05
5.31639e-05
5.41075e-05
5.51145e-05
5.6191e-05
5.7356e-05
5.86135e-05
6.00056e-05
6.15097e-05
6.32098e-05
6.51385e-05
6.68117e-05
6.74959e-05
6.82189e-05
6.87888e-05
6.95376e-05
7.00142e-05
7.13023e-05
7.09497e-05
6.82762e-05
6.56444e-05
6.31302e-05
6.07239e-05
5.83407e-05
5.61643e-05
5.37402e-05
5.17747e-05
4.92435e-05
4.73986e-05
4.4813e-05
4.31121e-05
3.91368e-05
4.32576e-05
4.38212e-05
4.44408e-05
4.50673e-05
4.57269e-05
4.64222e-05
4.71518e-05
4.79135e-05
4.87014e-05
4.95e-05
5.00442e-05
4.95137e-05
4.90888e-05
4.87613e-05
4.85443e-05
4.84367e-05
4.8436e-05
4.85373e-05
4.87342e-05
4.90192e-05
4.9387e-05
4.98324e-05
5.03491e-05
5.09321e-05
5.1577e-05
5.22806e-05
5.30408e-05
5.3857e-05
5.47299e-05
5.56628e-05
5.66599e-05
5.77298e-05
5.888e-05
6.01289e-05
6.14816e-05
6.29772e-05
6.46003e-05
6.64302e-05
6.85074e-05
7.05678e-05
7.13009e-05
7.20879e-05
7.27015e-05
7.34972e-05
7.40007e-05
7.53559e-05
7.49987e-05
7.22066e-05
6.94713e-05
6.68397e-05
6.43663e-05
6.18896e-05
5.96936e-05
5.727e-05
5.52922e-05
5.28186e-05
5.09915e-05
4.84019e-05
4.68832e-05
4.31585e-05
4.32639e-05
4.38355e-05
4.44559e-05
4.5083e-05
4.57428e-05
4.64381e-05
4.71677e-05
4.79292e-05
4.87168e-05
4.95145e-05
5.00461e-05
4.95162e-05
4.90913e-05
4.87637e-05
4.85465e-05
4.84387e-05
4.84377e-05
4.85388e-05
4.87355e-05
4.90203e-05
4.9388e-05
4.98331e-05
5.03497e-05
5.09325e-05
5.15773e-05
5.22807e-05
5.30407e-05
5.38568e-05
5.47296e-05
5.56624e-05
5.66593e-05
5.77292e-05
5.88792e-05
6.0128e-05
6.14807e-05
6.2976e-05
6.45992e-05
6.64289e-05
6.85056e-05
7.05708e-05
7.1304e-05
7.20913e-05
7.2705e-05
7.35006e-05
7.40032e-05
7.53574e-05
7.50017e-05
7.22113e-05
6.94769e-05
6.68462e-05
6.43729e-05
6.18966e-05
5.96999e-05
5.72764e-05
5.52979e-05
5.2824e-05
5.09964e-05
4.84061e-05
4.68869e-05
4.31597e-05
4.73352e-05
4.78631e-05
4.84474e-05
4.90488e-05
4.96873e-05
5.0364e-05
5.10763e-05
5.18183e-05
5.25774e-05
5.32994e-05
5.29998e-05
5.24417e-05
5.19737e-05
5.15884e-05
5.13127e-05
5.11541e-05
5.11091e-05
5.11721e-05
5.13352e-05
5.15953e-05
5.19464e-05
5.23821e-05
5.28963e-05
5.3484e-05
5.4141e-05
5.48644e-05
5.56523e-05
5.65046e-05
5.74223e-05
5.84091e-05
5.94698e-05
6.06136e-05
6.18485e-05
6.31908e-05
6.46491e-05
6.62638e-05
6.80265e-05
7.00035e-05
7.22475e-05
7.47147e-05
7.55063e-05
7.63612e-05
7.70371e-05
7.78926e-05
7.84335e-05
7.98486e-05
7.94783e-05
7.65759e-05
7.37252e-05
7.09693e-05
6.83895e-05
6.58199e-05
6.35336e-05
6.10983e-05
5.90616e-05
5.66025e-05
5.48013e-05
5.21543e-05
5.07392e-05
4.72163e-05
4.73421e-05
4.78786e-05
4.84639e-05
4.90658e-05
4.97045e-05
5.03812e-05
5.10934e-05
5.18351e-05
5.25936e-05
5.33143e-05
5.30013e-05
5.24434e-05
5.19752e-05
5.15898e-05
5.13137e-05
5.11549e-05
5.11097e-05
5.11725e-05
5.13355e-05
5.15954e-05
5.19463e-05
5.23818e-05
5.28958e-05
5.34834e-05
5.41403e-05
5.48635e-05
5.56513e-05
5.65034e-05
5.7421e-05
5.84077e-05
5.94683e-05
6.0612e-05
6.18467e-05
6.31889e-05
6.4647e-05
6.62616e-05
6.80243e-05
7.00013e-05
7.22446e-05
7.47151e-05
7.5507e-05
7.63621e-05
7.70382e-05
7.78937e-05
7.84335e-05
7.98482e-05
7.94779e-05
7.65783e-05
7.37292e-05
7.09746e-05
6.83952e-05
6.58264e-05
6.35398e-05
6.11046e-05
5.90674e-05
5.66081e-05
5.48065e-05
5.21589e-05
5.07432e-05
4.72176e-05
5.14874e-05
5.20155e-05
5.25951e-05
5.31973e-05
5.38391e-05
5.4519e-05
5.52264e-05
5.59541e-05
5.66689e-05
5.68013e-05
5.61084e-05
5.55382e-05
5.50298e-05
5.46003e-05
5.42823e-05
5.40865e-05
5.40081e-05
5.40398e-05
5.41808e-05
5.44258e-05
5.47682e-05
5.52018e-05
5.57209e-05
5.63207e-05
5.69974e-05
5.77483e-05
5.85721e-05
5.9469e-05
6.04407e-05
6.14913e-05
6.2626e-05
6.38532e-05
6.51829e-05
6.66326e-05
6.82143e-05
6.99654e-05
7.1886e-05
7.40328e-05
7.64673e-05
7.93108e-05
8.0167e-05
8.10825e-05
8.18406e-05
8.27649e-05
8.33549e-05
8.48566e-05
8.44521e-05
8.143e-05
7.84634e-05
7.55833e-05
7.28701e-05
7.02056e-05
6.77824e-05
6.52692e-05
6.31608e-05
6.06455e-05
5.88562e-05
5.61813e-05
5.47382e-05
5.13077e-05
5.14945e-05
5.20315e-05
5.26122e-05
5.32149e-05
5.38568e-05
5.45367e-05
5.52439e-05
5.59712e-05
5.66849e-05
5.6801e-05
5.61088e-05
5.55387e-05
5.503e-05
5.46002e-05
5.4282e-05
5.4086e-05
5.40075e-05
5.40392e-05
5.418e-05
5.44248e-05
5.47671e-05
5.52005e-05
5.57195e-05
5.63192e-05
5.69958e-05
5.77466e-05
5.85702e-05
5.9467e-05
6.04386e-05
6.1489e-05
6.26237e-05
6.38506e-05
6.51802e-05
6.66297e-05
6.82114e-05
6.99623e-05
7.18829e-05
7.40299e-05
7.64637e-05
7.9308e-05
8.01645e-05
8.10803e-05
8.18384e-05
8.27628e-05
8.33518e-05
8.48534e-05
8.44491e-05
8.14288e-05
7.84649e-05
7.55866e-05
7.28745e-05
7.0211e-05
6.7788e-05
6.52748e-05
6.31664e-05
6.06511e-05
5.88614e-05
5.6186e-05
5.47424e-05
5.13091e-05
5.58297e-05
5.63876e-05
5.69857e-05
5.76096e-05
5.82706e-05
5.89618e-05
5.96752e-05
6.03833e-05
6.10104e-05
6.02564e-05
5.95644e-05
5.89649e-05
5.84128e-05
5.79429e-05
5.75904e-05
5.73626e-05
5.72545e-05
5.72639e-05
5.73887e-05
5.76232e-05
5.79614e-05
5.83975e-05
5.89265e-05
5.95439e-05
6.02463e-05
6.10315e-05
6.18985e-05
6.28482e-05
6.38826e-05
6.50059e-05
6.62245e-05
6.75484e-05
6.89889e-05
7.05623e-05
7.22856e-05
7.41929e-05
7.62949e-05
7.86407e-05
8.12875e-05
8.44322e-05
8.53578e-05
8.63301e-05
8.71644e-05
8.81862e-05
8.88276e-05
9.04363e-05
9.0014e-05
8.68495e-05
8.37487e-05
8.07457e-05
7.78943e-05
7.50926e-05
7.25381e-05
6.98878e-05
6.76881e-05
6.50796e-05
6.32386e-05
6.05438e-05
5.90313e-05
5.55975e-05
5.58367e-05
5.64036e-05
5.7003e-05
5.7627e-05
5.82879e-05
5.8979e-05
5.9692e-05
6.03996e-05
6.10087e-05
6.02543e-05
5.95637e-05
5.89642e-05
5.84117e-05
5.79416e-05
5.7589e-05
5.73611e-05
5.7253e-05
5.72623e-05
5.7387e-05
5.76214e-05
5.79595e-05
5.83955e-05
5.89244e-05
5.95417e-05
6.0244e-05
6.1029e-05
6.1896e-05
6.28456e-05
6.38799e-05
6.50031e-05
6.62215e-05
6.75452e-05
6.89856e-05
7.05588e-05
7.2282e-05
7.41891e-05
7.62911e-05
7.86373e-05
8.1283e-05
8.44253e-05
8.53511e-05
8.63237e-05
8.71581e-05
8.818e-05
8.88205e-05
9.04294e-05
9.00078e-05
8.68455e-05
8.37459e-05
8.0746e-05
7.78966e-05
7.50961e-05
7.25424e-05
6.98924e-05
6.7693e-05
6.50848e-05
6.32436e-05
6.05486e-05
5.90355e-05
5.5599e-05
6.04981e-05
6.10998e-05
6.17291e-05
6.23883e-05
6.30797e-05
6.37918e-05
6.45017e-05
6.52091e-05
6.50129e-05
6.42322e-05
6.35329e-05
6.28791e-05
6.22776e-05
6.17703e-05
6.1382e-05
6.11194e-05
6.09817e-05
6.09691e-05
6.10782e-05
6.13036e-05
6.16395e-05
6.20809e-05
6.26231e-05
6.32622e-05
6.39955e-05
6.48209e-05
6.57382e-05
6.67486e-05
6.78551e-05
6.90627e-05
7.03788e-05
7.18145e-05
7.33831e-05
7.51009e-05
7.69889e-05
7.90752e-05
8.13866e-05
8.39576e-05
8.68324e-05
9.01689e-05
9.11644e-05
9.22005e-05
9.31052e-05
9.42247e-05
9.49294e-05
9.66685e-05
9.62312e-05
9.29391e-05
8.96607e-05
8.65252e-05
8.35335e-05
8.05886e-05
7.78929e-05
7.50907e-05
7.27539e-05
7.00357e-05
6.8074e-05
6.53339e-05
6.37352e-05
6.02419e-05
6.05048e-05
6.11154e-05
6.17456e-05
6.24047e-05
6.3096e-05
6.38077e-05
6.45169e-05
6.52229e-05
6.50108e-05
6.4231e-05
6.3532e-05
6.28775e-05
6.22756e-05
6.17682e-05
6.13799e-05
6.11173e-05
6.09796e-05
6.09669e-05
6.10759e-05
6.13013e-05
6.16371e-05
6.20783e-05
6.26204e-05
6.32595e-05
6.39927e-05
6.4818e-05
6.57353e-05
6.67456e-05
6.7852e-05
6.90594e-05
7.03755e-05
7.1811e-05
7.33796e-05
7.5097e-05
7.69849e-05
7.90709e-05
8.13825e-05
8.39534e-05
8.68265e-05
9.01568e-05
9.11523e-05
9.21886e-05
9.30937e-05
9.42133e-05
9.49189e-05
9.66562e-05
9.62203e-05
9.29313e-05
8.96551e-05
8.65207e-05
8.35327e-05
8.05895e-05
7.78949e-05
7.50938e-05
7.27575e-05
7.00398e-05
6.80782e-05
6.53382e-05
6.37391e-05
6.02434e-05
6.56399e-05
6.62806e-05
6.69582e-05
6.76617e-05
6.83885e-05
6.91106e-05
6.98428e-05
7.05595e-05
6.97399e-05
6.89428e-05
6.81781e-05
6.74485e-05
6.67914e-05
6.62367e-05
6.58029e-05
6.54992e-05
6.53274e-05
6.52879e-05
6.53775e-05
6.55915e-05
6.59249e-05
6.63724e-05
6.69301e-05
6.75946e-05
6.83635e-05
6.92355e-05
7.02109e-05
7.12917e-05
7.24818e-05
7.37872e-05
7.5217e-05
7.67825e-05
7.84991e-05
8.03851e-05
8.2463e-05
8.47531e-05
8.73042e-05
9.01035e-05
9.32398e-05
9.66263e-05
9.76974e-05
9.8806e-05
9.97837e-05
0.000100982
0.000101765
0.000103652
0.000103205
9.97772e-05
9.63369e-05
9.30128e-05
8.98767e-05
8.67864e-05
8.3941e-05
8.09909e-05
7.84827e-05
7.56404e-05
7.35163e-05
7.06753e-05
6.89908e-05
6.5367e-05
6.56461e-05
6.62952e-05
6.69733e-05
6.76766e-05
6.84029e-05
6.91242e-05
6.98552e-05
7.05699e-05
6.97385e-05
6.89413e-05
6.81763e-05
6.74461e-05
6.67888e-05
6.62339e-05
6.58002e-05
6.54966e-05
6.53248e-05
6.52853e-05
6.53748e-05
6.55888e-05
6.59221e-05
6.63696e-05
6.69272e-05
6.75916e-05
6.83604e-05
6.92323e-05
7.02077e-05
7.12885e-05
7.24784e-05
7.37838e-05
7.52134e-05
7.67788e-05
7.84954e-05
8.03813e-05
8.24588e-05
8.47485e-05
8.73001e-05
9.00978e-05
9.32338e-05
9.66073e-05
9.76783e-05
9.87871e-05
9.9765e-05
0.000100965
0.000101747
0.000103633
0.000103188
9.9764e-05
9.63273e-05
9.30051e-05
8.98709e-05
8.67837e-05
8.394e-05
8.09916e-05
7.84843e-05
7.56427e-05
7.35191e-05
7.06787e-05
6.8994e-05
6.53684e-05
7.14045e-05
7.20833e-05
7.28196e-05
7.35711e-05
7.43232e-05
7.50815e-05
7.58493e-05
7.63185e-05
7.54216e-05
7.45398e-05
7.36766e-05
7.28576e-05
7.21255e-05
7.15046e-05
7.10112e-05
7.06556e-05
7.04406e-05
7.03664e-05
7.04308e-05
7.06295e-05
7.09572e-05
7.14099e-05
7.1984e-05
7.26767e-05
7.34861e-05
7.44114e-05
7.54539e-05
7.66164e-05
7.79034e-05
7.93224e-05
8.08835e-05
8.25997e-05
8.44863e-05
8.65631e-05
8.88538e-05
9.13775e-05
9.41833e-05
9.72051e-05
0.000100764
0.000103943
0.000105099
0.000106284
0.000107343
0.000108623
0.000109483
0.000111528
0.00011106
0.000107486
0.000103877
0.000100368
9.70465e-05
9.37865e-05
9.07837e-05
8.76932e-05
8.50008e-05
8.20152e-05
7.97116e-05
7.67228e-05
7.4933e-05
7.11233e-05
7.14106e-05
7.20957e-05
7.28323e-05
7.35834e-05
7.43346e-05
7.50917e-05
7.58582e-05
7.63143e-05
7.54183e-05
7.45363e-05
7.36731e-05
7.28541e-05
7.21222e-05
7.15013e-05
7.1008e-05
7.06526e-05
7.04378e-05
7.03636e-05
7.0428e-05
7.06267e-05
7.09544e-05
7.1407e-05
7.19811e-05
7.26738e-05
7.3483e-05
7.44084e-05
7.54508e-05
7.66132e-05
7.79002e-05
7.93191e-05
8.08801e-05
8.25962e-05
8.44828e-05
8.65595e-05
8.88495e-05
9.13728e-05
9.41787e-05
9.71984e-05
0.000100766
0.000103915
0.000105071
0.000106256
0.000107316
0.000108596
0.000109456
0.0001115
0.000111034
0.000107465
0.000103862
0.000100356
9.70369e-05
9.37787e-05
9.07786e-05
8.76904e-05
8.49995e-05
8.20152e-05
7.97124e-05
7.67247e-05
7.49349e-05
7.11241e-05
7.79522e-05
7.86768e-05
7.94664e-05
8.02586e-05
8.10573e-05
8.18632e-05
8.26651e-05
8.32428e-05
8.22238e-05
8.11995e-05
8.02223e-05
7.93016e-05
7.8472e-05
7.7762e-05
7.719e-05
7.67661e-05
7.6494e-05
7.63739e-05
7.64042e-05
7.65801e-05
7.68978e-05
7.73538e-05
7.79449e-05
7.86687e-05
7.95237e-05
8.05099e-05
8.16292e-05
8.28854e-05
8.42837e-05
8.58326e-05
8.75435e-05
8.94303e-05
9.15087e-05
9.37972e-05
9.63214e-05
9.91108e-05
0.000102167
0.000105551
0.000109885
0.000112299
0.000113543
0.000114811
0.000115967
0.000117335
0.000118267
0.000120482
0.000119982
0.000116224
0.000112425
0.000108727
0.000105205
0.000101745
9.85348e-05
9.5293e-05
9.24174e-05
8.92831e-05
8.67951e-05
8.36342e-05
8.17147e-05
7.76724e-05
7.7958e-05
7.86868e-05
7.94754e-05
8.02664e-05
8.10641e-05
8.18688e-05
8.26694e-05
8.32379e-05
8.22196e-05
8.11953e-05
8.02182e-05
7.92979e-05
7.84687e-05
7.77588e-05
7.7187e-05
7.67632e-05
7.64913e-05
7.63714e-05
7.64017e-05
7.65776e-05
7.68953e-05
7.73513e-05
7.79424e-05
7.86662e-05
7.95212e-05
8.05074e-05
8.16268e-05
8.28829e-05
8.42812e-05
8.58301e-05
8.75409e-05
8.94275e-05
9.1506e-05
9.37941e-05
9.63174e-05
9.91069e-05
0.000102162
0.000105551
0.0001099
0.000112261
0.000113504
0.000114772
0.000115928
0.000117297
0.00011823
0.000120442
0.000119945
0.000116194
0.000112401
0.000108708
0.000105189
0.000101733
9.8525e-05
9.52851e-05
9.24121e-05
8.92796e-05
8.67928e-05
8.36334e-05
8.17143e-05
7.76719e-05
8.54677e-05
8.62384e-05
8.70701e-05
8.791e-05
8.87574e-05
8.96122e-05
9.0454e-05
9.12846e-05
9.04307e-05
8.91957e-05
8.80631e-05
8.70108e-05
8.60562e-05
8.52311e-05
8.4556e-05
8.40424e-05
8.3695e-05
8.35145e-05
8.34981e-05
8.36425e-05
8.39446e-05
8.4401e-05
8.50089e-05
8.57661e-05
8.66715e-05
8.77257e-05
8.89315e-05
9.02933e-05
9.18167e-05
9.35112e-05
9.5389e-05
9.7465e-05
9.97545e-05
0.000102281
0.00010508
0.000108183
0.000111634
0.000115899
0.000120517
0.00012191
0.000123245
0.000124608
0.000125868
0.000127329
0.000128337
0.000130719
0.000130187
0.000126217
0.00012218
0.000118265
0.000114522
0.000110857
0.000107415
0.000103975
0.000100875
9.75772e-05
9.48936e-05
9.15485e-05
8.9486e-05
8.51814e-05
8.54726e-05
8.62451e-05
8.70756e-05
8.79142e-05
8.87605e-05
8.96144e-05
9.04561e-05
9.12876e-05
9.04276e-05
8.91926e-05
8.80603e-05
8.70081e-05
8.60537e-05
8.52289e-05
8.45541e-05
8.40407e-05
8.36935e-05
8.35131e-05
8.34968e-05
8.36413e-05
8.39435e-05
8.44e-05
8.50079e-05
8.57651e-05
8.66706e-05
8.77249e-05
8.89308e-05
9.02927e-05
9.18161e-05
9.35106e-05
9.53883e-05
9.74641e-05
9.97541e-05
0.00010228
0.000105079
0.000108183
0.00011164
0.000115927
0.000120467
0.000121857
0.000123192
0.000124554
0.000125815
0.000127277
0.000128285
0.000130667
0.000130137
0.000126175
0.000122145
0.000118236
0.000114499
0.000110839
0.0001074
0.000103963
0.000100865
9.75693e-05
9.48872e-05
9.15439e-05
8.94824e-05
8.51791e-05
9.41323e-05
9.4952e-05
9.58395e-05
9.6734e-05
9.76326e-05
9.85352e-05
9.94205e-05
0.000100285
0.000100367
9.88889e-05
9.75063e-05
9.62804e-05
9.51691e-05
9.41961e-05
9.33887e-05
9.27599e-05
9.2314e-05
9.20527e-05
9.19739e-05
9.20747e-05
9.23522e-05
9.28033e-05
9.34252e-05
9.4216e-05
9.51748e-05
9.63026e-05
9.76035e-05
9.90823e-05
0.000100744
0.000102601
0.000104667
0.000106961
0.000109505
0.000112346
0.000115542
0.000119181
0.000123641
0.00012915
0.000131543
0.000133017
0.000134454
0.000135912
0.000137278
0.000138832
0.000139919
0.000142467
0.000141884
0.00013771
0.000133404
0.000129231
0.000125229
0.00012133
0.000117635
0.000113976
0.000110625
0.000107126
0.000104213
0.000100664
9.84427e-05
9.38478e-05
9.41366e-05
9.49556e-05
9.58419e-05
9.67354e-05
9.76335e-05
9.85363e-05
9.94228e-05
0.00010029
0.000100367
9.8888e-05
9.75062e-05
9.62805e-05
9.51694e-05
9.41965e-05
9.33894e-05
9.2761e-05
9.23153e-05
9.20541e-05
9.19754e-05
9.20765e-05
9.23541e-05
9.28054e-05
9.34275e-05
9.42184e-05
9.51773e-05
9.63054e-05
9.76066e-05
9.90856e-05
0.000100748
0.000102605
0.00010467
0.000106966
0.000109512
0.000112354
0.000115555
0.0001192
0.000123685
0.000129212
0.000131475
0.000132947
0.000134384
0.000135841
0.000137208
0.000138764
0.00013985
0.000142397
0.000141819
0.000137653
0.000133356
0.00012919
0.000125195
0.000121302
0.000117612
0.000113957
0.000110609
0.000107114
0.000104203
0.000100656
9.84358e-05
9.38435e-05
0.000104202
0.00010507
0.000106017
0.000106967
0.000107918
0.000108863
0.000109789
0.00011068
0.000111551
0.00011073
0.000109022
0.000107514
0.000106199
0.000105042
0.000104063
0.000103281
0.000102707
0.00010234
0.000102177
0.000102216
0.000102455
0.000102892
0.000103522
0.000104346
0.00010536
0.000106569
0.000107977
0.000109591
0.000111417
0.000113476
0.000115789
0.000118398
0.000121345
0.000124738
0.000128689
0.000133583
0.000139417
0.000142728
0.000144312
0.000145875
0.00014741
0.000148956
0.000150425
0.000152064
0.000153231
0.000155936
0.000155297
0.000150925
0.000146364
0.000141917
0.000137631
0.000133462
0.000129482
0.000125569
0.000121933
0.000118205
0.00011502
0.000111244
0.000108832
0.000103912
0.000104207
0.000105072
0.000106018
0.000106967
0.000107919
0.000108866
0.000109795
0.00011069
0.000111565
0.000110735
0.000109028
0.00010752
0.000106205
0.000105048
0.000104069
0.000103287
0.000102713
0.000102347
0.000102184
0.000102224
0.000102463
0.0001029
0.000103531
0.000104354
0.00010537
0.000106579
0.000107988
0.000109602
0.000111429
0.000113489
0.000115804
0.000118417
0.000121371
0.000124772
0.00012874
0.000133652
0.000139502
0.000142641
0.000144222
0.000145784
0.000147319
0.000148865
0.000150334
0.000151975
0.000153143
0.000155847
0.000155213
0.000150851
0.000146299
0.000141861
0.000137584
0.000133422
0.000129448
0.000125541
0.00012191
0.000118185
0.000115004
0.000111231
0.000108821
0.000103905
0.000116004
0.000116917
0.000117924
0.000118923
0.000119915
0.000120895
0.00012185
0.000122763
0.000123635
0.000124492
0.000123187
0.000121304
0.000119652
0.000118261
0.000117068
0.000116093
0.00011535
0.000114846
0.000114575
0.000114532
0.000114718
0.000115131
0.000115769
0.00011663
0.000117715
0.000119029
0.000120585
0.00012239
0.00012446
0.000126848
0.000129592
0.00013278
0.000136496
0.000140977
0.000146371
0.000152671
0.00015571
0.000157394
0.000159053
0.000160695
0.000162316
0.000163944
0.000165508
0.000167218
0.000168466
0.000171316
0.000170626
0.000166083
0.000161298
0.0001566
0.000152036
0.000147588
0.000143309
0.000139118
0.00013517
0.00013118
0.000127682
0.000123651
0.000121013
0.000115711
0.00011601
0.000116919
0.000117926
0.000118926
0.000119919
0.000120902
0.000121862
0.000122779
0.000123657
0.000124517
0.000123201
0.000121319
0.000119668
0.000118277
0.000117084
0.000116109
0.000115367
0.000114863
0.000114592
0.00011455
0.000114736
0.000115149
0.000115788
0.00011665
0.000117736
0.000119052
0.00012061
0.000122416
0.000124489
0.000126881
0.00012963
0.000132828
0.000136557
0.000141059
0.000146462
0.000152768
0.000155601
0.000157281
0.000158938
0.000160579
0.0001622
0.000163829
0.000165394
0.000167105
0.000168354
0.000171206
0.000170521
0.000165988
0.000161214
0.000156526
0.000151972
0.000147533
0.000143262
0.000139077
0.000135136
0.000131151
0.000127657
0.00012363
0.000120995
0.000115699
0.000129945
0.000130892
0.000131951
0.000132986
0.000134003
0.000134998
0.00013596
0.000136881
0.000137749
0.000138584
0.000139419
0.00013828
0.000136277
0.000134516
0.000133042
0.000131842
0.000130901
0.000130233
0.000129828
0.000129689
0.000129822
0.000130223
0.000130891
0.000131826
0.000133035
0.000134536
0.000136358
0.000138514
0.000141045
0.000144044
0.000147589
0.000151864
0.00015689
0.000162764
0.000168878
0.000170708
0.000172459
0.000174193
0.000175913
0.000177625
0.000179322
0.000181023
0.000182672
0.000184442
0.000185777
0.000188753
0.000188029
0.000183367
0.000178402
0.000173513
0.00016871
0.000164008
0.000159447
0.000154978
0.000150715
0.000146447
0.000142611
0.000138299
0.000135401
0.000129663
0.000129956
0.000130897
0.000131957
0.000132994
0.000134014
0.000135013
0.00013598
0.000136906
0.000137778
0.000138615
0.000139447
0.000138307
0.000136306
0.000134547
0.000133073
0.000131872
0.000130932
0.000130264
0.00012986
0.000129722
0.000129855
0.000130258
0.000130926
0.000131863
0.000133075
0.00013458
0.000136405
0.000138566
0.000141104
0.000144111
0.000147671
0.000151953
0.000156996
0.000162874
0.000168751
0.000170571
0.000172317
0.00017405
0.000175769
0.00017748
0.000179178
0.00018088
0.000182532
0.000184303
0.000185639
0.000188618
0.0001879
0.00018325
0.000178297
0.000173418
0.000168626
0.000163935
0.000159382
0.000154922
0.000150667
0.000146405
0.000142575
0.000138269
0.000135375
0.000129645
0.000146476
0.000147433
0.000148524
0.000149578
0.000150601
0.000151589
0.000152534
0.000153433
0.000154283
0.000155089
0.000155877
0.000156694
0.000156654
0.000154619
0.000152825
0.000151367
0.000150209
0.000149385
0.000148864
0.000148658
0.000148781
0.000149231
0.00015001
0.000151128
0.000152598
0.000154462
0.000156776
0.000159584
0.000162961
0.000166959
0.000171656
0.000177107
0.000183295
0.000186015
0.000187827
0.000189618
0.000191401
0.000193181
0.000194958
0.000196732
0.000198497
0.000200264
0.000201999
0.000203824
0.000205248
0.000208303
0.000207554
0.000202853
0.000197781
0.000192766
0.000187812
0.000182918
0.000178132
0.000173427
0.000168884
0.000164356
0.000160188
0.000155602
0.000152422
0.000146221
0.000146492
0.000147443
0.000148535
0.000149592
0.00015062
0.000151612
0.000152563
0.000153466
0.000154318
0.000155122
0.000155903
0.000156708
0.00015669
0.000154659
0.00015287
0.000151413
0.000150257
0.000149432
0.000148914
0.00014871
0.000148833
0.000149285
0.000150067
0.000151187
0.000152662
0.000154532
0.000156852
0.000159669
0.000163052
0.000167058
0.000171752
0.000177199
0.000183382
0.000185853
0.000187657
0.000189446
0.000191227
0.000193006
0.000194783
0.000196557
0.000198324
0.000200092
0.00020183
0.000203657
0.000205084
0.000208142
0.0002074
0.000202711
0.000197651
0.000192648
0.000187706
0.000182824
0.000178048
0.000173353
0.000168819
0.0001643
0.000160139
0.000155559
0.000152384
0.000146195
0.000166003
0.000166947
0.000168038
0.000169087
0.000170095
0.000171055
0.000171963
0.000172818
0.000173621
0.000174383
0.00017512
0.000175861
0.000176665
0.000177539
0.000177047
0.000175428
0.000174178
0.000173312
0.000172791
0.000172634
0.000172862
0.000173492
0.000174543
0.000176036
0.000177992
0.000180452
0.000183485
0.000187112
0.000191284
0.000196166
0.000201575
0.000203445
0.00020526
0.000207058
0.000208868
0.000210683
0.000212505
0.000214335
0.000216167
0.000217999
0.000219831
0.000221668
0.000223476
0.000225325
0.0002268
0.000229806
0.000228987
0.000224332
0.000219259
0.000214228
0.000209237
0.000204279
0.000199378
0.000194538
0.000189808
0.000185098
0.000180658
0.000175868
0.000172398
0.000165793
0.000166023
0.000166957
0.000168051
0.000169104
0.000170117
0.000171083
0.000171996
0.000172853
0.000173655
0.000174411
0.000175136
0.000175859
0.000176642
0.000177493
0.000177083
0.000175472
0.000174222
0.000173361
0.000172846
0.000172694
0.000172926
0.000173559
0.000174614
0.000176109
0.000178067
0.00018053
0.000183565
0.000187185
0.000191357
0.000196236
0.000201397
0.000203253
0.000205062
0.000206856
0.000208663
0.000210477
0.000212298
0.000214127
0.00021596
0.000217794
0.000219628
0.000221468
0.000223279
0.000225131
0.000226608
0.000229618
0.000228806
0.000224163
0.000219104
0.000214085
0.000209107
0.000204161
0.000199272
0.000194443
0.000189723
0.000185024
0.000180593
0.000175811
0.000172346
0.000165758
0.000188794
0.000189695
0.00019076
0.000191777
0.000192746
0.000193661
0.000194517
0.000195313
0.000196053
0.000196749
0.000197414
0.000198081
0.000198789
0.000199575
0.000200489
0.000201516
0.000202625
0.000202225
0.000201829
0.000201906
0.00020244
0.00020343
0.000204896
0.000206857
0.000209311
0.000212293
0.000215908
0.000219358
0.000221145
0.000222921
0.000224692
0.000226474
0.000228279
0.0002301
0.000231938
0.000233793
0.000235661
0.000237539
0.000239425
0.000241317
0.000243203
0.000245065
0.00024686
0.000248614
0.000249989
0.000252727
0.000251895
0.000247446
0.000242524
0.000237604
0.000232691
0.000227793
0.000222909
0.000218064
0.000213294
0.000208553
0.000203991
0.000199174
0.000195399
0.000188635
0.00018881
0.000189694
0.000190762
0.000191786
0.000192761
0.000193682
0.000194542
0.000195339
0.000196075
0.000196761
0.00019741
0.000198055
0.000198737
0.000199495
0.00020038
0.000201382
0.000202472
0.000202234
0.000201848
0.000201924
0.000202461
0.000203453
0.00020492
0.000206878
0.000209327
0.00021231
0.000215923
0.000219149
0.000220927
0.000222697
0.000224463
0.000226242
0.000228046
0.000229864
0.000231701
0.000233555
0.000235423
0.000237302
0.000239189
0.000241083
0.000242972
0.000244837
0.000246635
0.000248392
0.000249771
0.000252514
0.000251691
0.000247254
0.000242345
0.000237438
0.000232537
0.000227652
0.000222781
0.000217948
0.000213189
0.000208459
0.000203907
0.0001991
0.00019533
0.000188595
0.000214809
0.000215652
0.000216679
0.000217658
0.000218581
0.000219445
0.000220242
0.000220973
0.000221644
0.00022226
0.000222837
0.000223413
0.000224023
0.000224701
0.000225478
0.000226375
0.000227417
0.0002286
0.000229895
0.000231281
0.000232744
0.000234271
0.000235851
0.000237473
0.000239129
0.00024081
0.00024251
0.000244221
0.000245955
0.000247717
0.000249502
0.000251306
0.000253134
0.000254984
0.000256856
0.000258745
0.000260649
0.000262561
0.000264466
0.000266344
0.00026817
0.000269875
0.000271436
0.000272996
0.000274397
0.000277014
0.00027628
0.000272158
0.000267529
0.000262863
0.00025817
0.000253452
0.000248727
0.000243987
0.000239278
0.000234581
0.000229985
0.00022524
0.000221261
0.000214639
0.000214804
0.000215616
0.000216648
0.000217635
0.000218566
0.000219438
0.000220241
0.000220973
0.000221639
0.000222244
0.000222802
0.000223354
0.000223935
0.000224583
0.000225331
0.000226201
0.000227218
0.000228383
0.000229665
0.000231043
0.000232501
0.000234026
0.000235605
0.000237226
0.000238881
0.000240561
0.000242259
0.000243968
0.0002457
0.000247459
0.000249242
0.000251045
0.000252871
0.000254721
0.000256592
0.00025848
0.000260385
0.000262298
0.000264206
0.000266085
0.000267914
0.00026962
0.000271186
0.000272752
0.000274159
0.000276782
0.000276057
0.000271947
0.000267329
0.000262676
0.000257995
0.000253291
0.000248578
0.00024385
0.000239154
0.000234469
0.000229883
0.00022515
0.000221174
0.000214603
0.000243687
0.00024445
0.000245414
0.000246349
0.000247247
0.000248098
0.000248856
0.000249533
0.00025014
0.000250671
0.00025116
0.000251642
0.000252145
0.000252699
0.000253333
0.000254072
0.000254936
0.00025593
0.000257049
0.000258284
0.000259622
0.000261046
0.000262542
0.000264093
0.00026569
0.000267324
0.000268992
0.000270689
0.000272413
0.000274162
0.000275938
0.000277739
0.000279564
0.000281411
0.000283276
0.000285147
0.000287004
0.000288835
0.000290596
0.000292211
0.000293794
0.000295364
0.000296915
0.000298452
0.000299885
0.000302336
0.000301739
0.000298058
0.000293858
0.000289592
0.000285264
0.000280881
0.000276455
0.000271989
0.000267502
0.000263003
0.000258539
0.00025398
0.000249914
0.000243536
0.000243638
0.000244352
0.000245322
0.000246266
0.000247175
0.000248039
0.000248808
0.000249488
0.000250092
0.000250613
0.000251085
0.000251542
0.000252017
0.000252543
0.000253149
0.000253863
0.000254705
0.000255682
0.000256789
0.000258016
0.000259349
0.000260771
0.000262266
0.000263817
0.000265414
0.000267048
0.000268715
0.000270411
0.000272134
0.000273882
0.000275657
0.000277457
0.000279281
0.000281127
0.000282991
0.000284862
0.000286721
0.000288552
0.000290315
0.000291931
0.000293518
0.000295093
0.00029665
0.000298193
0.000299632
0.000302091
0.000301502
0.000297831
0.000293642
0.000289388
0.000285072
0.000280702
0.000276289
0.000271836
0.000267361
0.000262873
0.000258422
0.000253874
0.000249812
0.000243514
0.000275143
0.000275806
0.000276642
0.000277443
0.000278205
0.00027893
0.000279616
0.00028026
0.00028085
0.000281337
0.000281756
0.00028215
0.000282549
0.000282981
0.00028347
0.000284041
0.000284713
0.000285497
0.000286399
0.000287417
0.000288546
0.000289773
0.000291087
0.000292475
0.000293926
0.000295432
0.000296983
0.000298574
0.000300203
0.000301867
0.00030356
0.000305276
0.000307003
0.000308732
0.00031045
0.000312116
0.00031369
0.000315264
0.000316831
0.00031839
0.000319938
0.00032147
0.000322982
0.000324472
0.000325902
0.000328151
0.000327722
0.00032458
0.000320934
0.000317202
0.000313382
0.000309481
0.000305507
0.000301469
0.000297372
0.000293232
0.000289081
0.000284857
0.000280901
0.000275004
0.000275026
0.000275623
0.000276468
0.000277284
0.000278064
0.000278806
0.000279504
0.000280155
0.000280747
0.000281228
0.000281633
0.000282006
0.000282382
0.000282788
0.000283253
0.000283802
0.000284456
0.000285227
0.000286119
0.000287131
0.000288256
0.000289482
0.000290795
0.000292184
0.000293635
0.000295141
0.000296693
0.000298284
0.000299912
0.000301574
0.000303266
0.000304981
0.000306706
0.000308435
0.000310152
0.000311817
0.000313392
0.000314969
0.000316539
0.000318102
0.000319653
0.000321191
0.000322708
0.000324205
0.000325641
0.000327898
0.000327477
0.000324345
0.000320709
0.000316988
0.000313178
0.00030929
0.000305328
0.000301303
0.000297219
0.00029309
0.000288951
0.00028474
0.000280788
0.000275012
0.000308308
0.000308856
0.000309525
0.000310155
0.000310745
0.000311301
0.000311819
0.000312293
0.000312718
0.000313103
0.000313458
0.0003138
0.000314147
0.000314484
0.000314845
0.000315261
0.00031575
0.000316328
0.000317003
0.000317782
0.000318663
0.000319642
0.000320709
0.000321855
0.000323073
0.000324353
0.000325686
0.000327065
0.000328481
0.000329924
0.000331377
0.000332804
0.000334244
0.0003357
0.000337168
0.000338646
0.00034013
0.000341617
0.000343104
0.000344586
0.00034606
0.00034752
0.000348962
0.000350381
0.00035177
0.00035379
0.00035355
0.000351016
0.00034802
0.000344925
0.000341728
0.000338437
0.000335059
0.000331594
0.000328045
0.000324419
0.000320749
0.000317007
0.000313363
0.000308165
0.000308105
0.000308569
0.000309256
0.000309911
0.000310529
0.000311108
0.000311644
0.00031213
0.000312559
0.000312941
0.000313286
0.000313613
0.000313942
0.00031426
0.000314603
0.000315002
0.000315478
0.000316046
0.000316714
0.000317488
0.000318368
0.000319346
0.000320414
0.000321562
0.00032278
0.00032406
0.000325393
0.00032677
0.000328185
0.000329627
0.000331077
0.000332503
0.000333943
0.000335399
0.000336868
0.000338346
0.000339832
0.000341322
0.000342812
0.000344298
0.000345776
0.000347241
0.000348688
0.000350113
0.000351508
0.000353536
0.000353304
0.000350779
0.000347792
0.000344707
0.00034152
0.000338241
0.000334874
0.000331421
0.000327884
0.000324271
0.000320612
0.000316883
0.000313247
0.000308212
0.000341917
0.000342354
0.000342834
0.00034327
0.000343668
0.00034403
0.000344357
0.000344638
0.000344877
0.000345082
0.00034526
0.00034542
0.000345575
0.000345745
0.00034595
0.000346202
0.000346508
0.000346877
0.000347315
0.000347835
0.00034844
0.000349127
0.000349891
0.000350729
0.000351634
0.0003526
0.000353621
0.000354693
0.000355813
0.000356977
0.000358179
0.000359415
0.000360679
0.000361968
0.000363281
0.000364612
0.00036596
0.000367319
0.000368686
0.000370056
0.000371423
0.000372782
0.000374128
0.000375454
0.000376771
0.000378558
0.000378518
0.000376623
0.000374324
0.000371921
0.000369413
0.000366808
0.000364108
0.000361319
0.00035844
0.000355455
0.000352398
0.000349264
0.00034612
0.00034179
0.000341634
0.000341978
0.000342484
0.000342955
0.000343385
0.000343775
0.000344123
0.000344419
0.000344667
0.000344873
0.000345048
0.000345201
0.000345345
0.000345503
0.000345695
0.000345936
0.000346234
0.000346596
0.000347031
0.000347549
0.000348154
0.000348841
0.000349606
0.000350444
0.000351349
0.000352315
0.000353336
0.000354407
0.000355526
0.000356688
0.000357889
0.000359124
0.000360387
0.000361676
0.000362989
0.000364321
0.00036567
0.000367032
0.000368402
0.000369774
0.000371145
0.000372509
0.00037386
0.000375191
0.000376515
0.000378309
0.000378277
0.000376389
0.000374098
0.000371704
0.000369207
0.000366612
0.000363924
0.000361146
0.000358278
0.000355306
0.00035226
0.000349139
0.000346008
0.000341834
0.000374475
0.000374794
0.000375093
0.000375339
0.000375542
0.000375708
0.00037584
0.000375924
0.000375967
0.000375979
0.000375968
0.000375948
0.000375902
0.000375869
0.000375868
0.000375908
0.00037597
0.000376067
0.000376219
0.000376455
0.000376772
0.000377163
0.000377628
0.000378165
0.000378778
0.00037946
0.000380208
0.00038102
0.000381894
0.000382822
0.000383795
0.000384802
0.00038585
0.000386936
0.000388056
0.000389209
0.000390388
0.00039159
0.00039281
0.000394042
0.00039528
0.000396519
0.000397752
0.000398973
0.000400199
0.000401782
0.000401937
0.00040067
0.000399073
0.000397366
0.000395551
0.000393639
0.000391635
0.000389543
0.000387362
0.000385086
0.000382727
0.000380281
0.000377754
0.000374382
0.000374155
0.000374387
0.000374704
0.00037498
0.000375213
0.000375407
0.00037556
0.000375662
0.000375717
0.000375735
0.000375726
0.000375705
0.000375658
0.000375621
0.000375615
0.000375653
0.000375714
0.000375809
0.000375959
0.000376193
0.00037651
0.000376901
0.000377366
0.000377903
0.000378515
0.000379196
0.000379943
0.000380754
0.000381626
0.000382551
0.000383521
0.000384527
0.000385573
0.000386658
0.000387779
0.000388932
0.000390113
0.000391317
0.000392539
0.000393773
0.000395015
0.000396258
0.000397495
0.000398721
0.000399952
0.000401543
0.000401703
0.000400443
0.000398854
0.000397157
0.000395352
0.000393449
0.000391456
0.000389374
0.000387204
0.00038494
0.000382593
0.00038016
0.000377651
0.000374402
0.000404519
0.000404704
0.000404817
0.000404876
0.000404888
0.000404863
0.000404804
0.00040471
0.000404556
0.000404377
0.000404177
0.000403956
0.000403725
0.000403497
0.000403286
0.000403097
0.000402936
0.000402812
0.000402742
0.000402749
0.000402826
0.000402937
0.000403116
0.000403386
0.000403729
0.000404145
0.000404637
0.000405199
0.000405825
0.0004065
0.000407231
0.000408016
0.000408846
0.00040972
0.00041064
0.000411601
0.000412601
0.000413634
0.000414696
0.00041578
0.00041688
0.000417991
0.000419105
0.000420218
0.000421346
0.000422706
0.000423053
0.000422403
0.000421468
0.000420396
0.000419234
0.000417986
0.000416653
0.000415236
0.000413734
0.000412139
0.000410464
0.000408708
0.000406857
0.000404425
0.00040419
0.000404297
0.000404416
0.000404495
0.000404533
0.000404531
0.000404491
0.000404419
0.000404284
0.000404111
0.000403919
0.000403706
0.00040348
0.000403256
0.000403048
0.000402862
0.000402703
0.00040258
0.000402511
0.000402518
0.000402596
0.000402707
0.000402884
0.000403152
0.000403492
0.000403906
0.000404396
0.000404955
0.000405577
0.000406249
0.000406978
0.000407761
0.000408589
0.000409463
0.000410382
0.000411343
0.000412343
0.000413378
0.000414441
0.000415527
0.00041663
0.000417744
0.000418861
0.000419978
0.00042111
0.000422475
0.000422828
0.000422185
0.00042126
0.000420198
0.000419044
0.000417805
0.000416482
0.000415075
0.000413583
0.000412
0.000410336
0.000408593
0.000406764
0.000404449
0.000430706
0.000430713
0.000430657
0.000430555
0.000430385
0.000430165
0.000429917
0.000429626
0.000429299
0.000428946
0.000428572
0.000428186
0.000427795
0.00042741
0.000427039
0.000426687
0.000426362
0.000426066
0.000425812
0.000425606
0.000425454
0.000425366
0.000425353
0.000425415
0.000425515
0.000425683
0.000425938
0.000426266
0.000426653
0.000427092
0.000427586
0.000428147
0.000428773
0.000429455
0.000430185
0.000430966
0.000431795
0.000432668
0.000433578
0.000434521
0.000435488
0.000436475
0.000437476
0.000438494
0.000439534
0.000440681
0.000441145
0.000441028
0.000440669
0.00044019
0.000439634
0.000438995
0.000438269
0.000437457
0.000436564
0.000435587
0.000434538
0.000433413
0.000432192
0.000430584
0.000430326
0.000430306
0.000430245
0.000430151
0.000430016
0.000429816
0.00042959
0.000429318
0.000429009
0.00042867
0.000428311
0.000427937
0.000427558
0.000427182
0.000426819
0.000426475
0.000426155
0.000425864
0.000425613
0.00042541
0.000425258
0.000425167
0.00042515
0.000425209
0.000425306
0.00042547
0.00042572
0.000426044
0.000426426
0.000426864
0.000427355
0.000427913
0.000428538
0.000429218
0.000429947
0.000430728
0.000431556
0.000432429
0.000433341
0.000434284
0.000435253
0.000436242
0.000437245
0.000438264
0.000439309
0.000440462
0.000440931
0.000440821
0.000440472
0.000440001
0.000439454
0.000438824
0.000438107
0.000437306
0.000436423
0.000435457
0.000434418
0.000433306
0.000432112
0.000430633
0.000451783
0.000451667
0.000451474
0.000451189
0.000450861
0.000450497
0.000450097
0.000449657
0.000449185
0.000448691
0.00044818
0.000447663
0.000447146
0.000446636
0.000446139
0.000445663
0.000445215
0.000444802
0.000444419
0.00044407
0.000443747
0.000443466
0.000443258
0.00044312
0.000443058
0.00044309
0.000443164
0.000443276
0.000443433
0.000443662
0.000443964
0.000444341
0.000444792
0.000445315
0.000445897
0.000446531
0.000447218
0.000447955
0.000448736
0.000449557
0.000450409
0.000451287
0.000452196
0.000453132
0.000454052
0.00045503
0.000455643
0.000455863
0.000455939
0.000455959
0.000455934
0.000455819
0.000455608
0.000455282
0.000454885
0.000454425
0.0004539
0.000453299
0.000452578
0.000451615
0.000451356
0.000451207
0.00045101
0.000450764
0.00045047
0.000450133
0.000449759
0.000449341
0.00044889
0.000448414
0.000447921
0.000447421
0.00044692
0.000446425
0.000445942
0.000445476
0.000445037
0.000444629
0.000444249
0.000443902
0.000443576
0.000443292
0.00044308
0.000442938
0.000442871
0.0004429
0.000442968
0.000443076
0.00044323
0.000443455
0.000443753
0.000444127
0.000444576
0.000445096
0.000445677
0.00044631
0.000446996
0.000447732
0.000448514
0.000449335
0.000450188
0.000451067
0.000451973
0.000452914
0.000453839
0.000454822
0.000455439
0.000455666
0.00045575
0.000455777
0.00045576
0.000455654
0.000455455
0.000455143
0.000454754
0.000454303
0.000453788
0.000453201
0.000452509
0.000451686
0.000466747
0.000466558
0.000466233
0.00046584
0.000465404
0.00046493
0.000464422
0.000463876
0.000463301
0.000462708
0.00046211
0.000461516
0.000460911
0.000460305
0.000459709
0.000459126
0.000458561
0.000458021
0.000457521
0.000457065
0.000456632
0.000456238
0.000455907
0.000455646
0.000455464
0.000455357
0.000455317
0.000455325
0.000455355
0.000455439
0.000455602
0.000455846
0.00045617
0.000456571
0.000457043
0.000457573
0.000458158
0.000458795
0.000459482
0.000460211
0.000460977
0.00046178
0.000462627
0.000463471
0.000464309
0.000465163
0.000465846
0.000466342
0.000466738
0.000467097
0.0004674
0.000467624
0.000467767
0.00046783
0.000467822
0.000467758
0.000467638
0.000467418
0.000467057
0.000466559
0.000466312
0.000466063
0.000465759
0.000465405
0.000465004
0.000464561
0.00046408
0.000463559
0.000463007
0.000462436
0.000461861
0.000461283
0.000460694
0.000460104
0.000459522
0.000458954
0.000458399
0.000457866
0.00045737
0.000456914
0.00045648
0.000456084
0.000455749
0.000455484
0.000455296
0.000455182
0.000455132
0.00045514
0.000455168
0.000455248
0.000455406
0.000455647
0.000455968
0.000456366
0.000456836
0.000457365
0.000457948
0.000458585
0.00045927
0.000459999
0.000460765
0.000461567
0.00046241
0.000463263
0.000464105
0.000464963
0.00046565
0.000466154
0.000466556
0.000466921
0.000467233
0.000467467
0.000467621
0.000467694
0.000467695
0.000467636
0.000467528
0.000467328
0.000467
0.000466648
0.00047464
0.000474403
0.000474001
0.000473546
0.000473048
0.000472514
0.000471947
0.000471342
0.00047071
0.000470066
0.000469426
0.000468767
0.000468103
0.000467442
0.000466793
0.000466159
0.000465539
0.000464948
0.000464393
0.000463871
0.00046339
0.000462947
0.000462557
0.000462234
0.000461983
0.000461803
0.000461688
0.00046162
0.000461619
0.000461647
0.000461728
0.000461889
0.00046214
0.000462472
0.000462878
0.000463351
0.000463879
0.000464461
0.000465093
0.00046577
0.000466488
0.000467251
0.00046805
0.000468844
0.000469638
0.000470426
0.000471155
0.0004718
0.000472387
0.000472925
0.000473412
0.000473825
0.000474166
0.000474432
0.000474635
0.000474774
0.000474834
0.000474786
0.000474669
0.000474475
0.000474248
0.000473912
0.000473533
0.000473111
0.000472646
0.000472142
0.000471602
0.000471024
0.000470415
0.000469793
0.000469174
0.000468536
0.000467891
0.000467247
0.000466613
0.000465993
0.000465384
0.000464801
0.000464251
0.000463729
0.000463248
0.000462804
0.00046241
0.000462082
0.000461824
0.000461636
0.000461515
0.000461442
0.000461439
0.000461465
0.000461542
0.000461699
0.000461946
0.000462275
0.000462679
0.00046315
0.000463676
0.000464257
0.000464889
0.000465565
0.000466282
0.000467042
0.000467844
0.000468642
0.000469438
0.000470229
0.000470964
0.000471616
0.000472209
0.000472754
0.000473249
0.000473672
0.000474022
0.000474298
0.00047451
0.000474659
0.000474731
0.0004747
0.000474612
0.000474538
)
;

boundaryField
{
    left
    {
        type            cyclic;
    }
    right
    {
        type            cyclic;
    }
    top
    {
        type            calculated;
        value           nonuniform List<scalar> 
120
(
0.00047464
0.000474403
0.000474001
0.000473546
0.000473048
0.000472514
0.000471947
0.000471342
0.00047071
0.000470066
0.000469426
0.000468767
0.000468103
0.000467442
0.000466793
0.000466159
0.000465539
0.000464948
0.000464393
0.000463871
0.00046339
0.000462947
0.000462557
0.000462234
0.000461983
0.000461803
0.000461688
0.00046162
0.000461619
0.000461647
0.000461728
0.000461889
0.00046214
0.000462472
0.000462878
0.000463351
0.000463879
0.000464461
0.000465093
0.00046577
0.000466488
0.000467251
0.00046805
0.000468844
0.000469638
0.000470426
0.000471155
0.0004718
0.000472387
0.000472925
0.000473412
0.000473825
0.000474166
0.000474432
0.000474635
0.000474774
0.000474834
0.000474786
0.000474669
0.000474475
0.000474248
0.000473912
0.000473533
0.000473111
0.000472646
0.000472142
0.000471602
0.000471024
0.000470415
0.000469793
0.000469174
0.000468536
0.000467891
0.000467247
0.000466613
0.000465993
0.000465384
0.000464801
0.000464251
0.000463729
0.000463248
0.000462804
0.00046241
0.000462082
0.000461824
0.000461636
0.000461515
0.000461442
0.000461439
0.000461465
0.000461542
0.000461699
0.000461946
0.000462275
0.000462679
0.00046315
0.000463676
0.000464257
0.000464889
0.000465565
0.000466282
0.000467042
0.000467844
0.000468642
0.000469438
0.000470229
0.000470964
0.000471616
0.000472209
0.000472754
0.000473249
0.000473672
0.000474022
0.000474298
0.00047451
0.000474659
0.000474731
0.0004747
0.000474612
0.000474538
)
;
    }
    bottom
    {
        type            calculated;
        value           nonuniform List<scalar> 
120
(
3.95587e-05
6.98253e-05
0.000108486
0.000138171
0.000168596
0.000194342
0.000217295
0.000237986
0.000255738
0.000271592
0.000284903
0.000295567
0.000303699
0.000309544
0.00031334
0.000315311
0.000315691
0.000314843
0.000313347
0.000311283
0.000308231
0.000304656
0.000300899
0.000296962
0.00029305
0.000289181
0.00028548
0.000282021
0.000278631
0.000275748
0.000272486
0.000269947
0.000267058
0.00026506
0.000262846
0.000261286
0.000260191
0.000258591
0.000259516
0.000257611
0.000262128
0.000257738
0.000273228
0.000261288
0.000285236
0.000340521
0.000198724
5.3515e-05
1.56401e-05
1.8389e-05
1.95236e-05
1.92448e-05
1.74063e-05
1.72779e-05
1.77975e-05
2.02451e-05
2.64187e-05
3.54356e-05
4.49593e-05
4.76277e-05
3.95581e-05
6.98234e-05
0.000108484
0.000138171
0.000168591
0.00019434
0.000217292
0.00023798
0.00025573
0.000271589
0.0002849
0.000295565
0.000303698
0.000309538
0.000313334
0.000315307
0.000315689
0.000314843
0.000313348
0.000311286
0.000308236
0.000304657
0.000300902
0.000296967
0.000293054
0.00028919
0.000285491
0.000282033
0.000278641
0.000275764
0.000272496
0.000269957
0.000267068
0.00026507
0.000262857
0.000261297
0.000260203
0.000258603
0.000259528
0.000257624
0.00026214
0.000257751
0.000273242
0.000261302
0.000285293
0.000300553
0.000198718
5.35151e-05
1.56408e-05
1.83899e-05
1.95243e-05
1.92449e-05
1.74053e-05
1.72765e-05
1.77957e-05
2.02441e-05
2.64194e-05
3.5437e-05
4.49612e-05
4.763e-05
)
;
    }
    frontAndBack
    {
        type            empty;
    }
}


// ************************************************************************* //
