/*--------------------------------*- C++ -*----------------------------------*\
| =========                 |                                                 |
| \\      /  F ield         | OpenFOAM: The Open Source CFD Toolbox           |
|  \\    /   O peration     | Version:  5.x                                   |
|   \\  /    A nd           | Web:      www.OpenFOAM.org                      |
|    \\/     M anipulation  |                                                 |
\*---------------------------------------------------------------------------*/
FoamFile
{
    version     2.0;
    format      ascii;
    class       volScalarField;
    location    "300/surface";
    object      pMean;
}
// * * * * * * * * * * * * * * * * * * * * * * * * * * * * * * * * * * * * * //

dimensions      [0 2 -2 0 0 0 0];

internalField   nonuniform List<scalar> 
7200
(
-0.000526984
-0.000548797
-0.00054682
-0.000525635
-0.000479681
-0.000412671
-0.000327063
-0.000225702
-0.000112745
7.3915e-06
0.000131186
0.000254677
0.000374126
0.000486543
0.00058942
0.000680958
0.000760054
0.000826173
0.000879423
0.000920026
0.000948647
0.000966
0.000973026
0.000970473
0.000959384
0.000940411
0.000914536
0.000882102
0.000844001
0.000800329
0.000751944
0.000698536
0.00064098
0.00057847
0.000512166
0.000440281
0.000364717
0.000281792
0.000195251
9.72908e-05
-4.40434e-06
-0.000127242
-0.000256373
-0.000432565
-0.000641047
-0.00101151
-0.00143606
-0.000873499
-0.000645092
-0.000636982
-0.000605495
-0.000589272
-0.000571169
-0.000559718
-0.000550135
-0.000545379
-0.000542053
-0.000537385
-0.000523053
-0.000485525
-0.000527351
-0.000549035
-0.000546997
-0.000525781
-0.000479824
-0.000412833
-0.000327262
-0.000225942
-0.000113037
7.04868e-06
0.000130796
0.000254244
0.000373649
0.00048602
0.000588859
0.000680392
0.000759533
0.000825734
0.000879075
0.000919765
0.000948458
0.000965873
0.000972943
0.000970416
0.000959355
0.000940424
0.00091461
0.000882259
0.000844252
0.000800688
0.000752421
0.000699152
0.000641737
0.000579363
0.000513205
0.000441502
0.000366208
0.000283692
0.000197754
0.000100587
1.07187e-10
-0.000124344
-0.000254319
-0.000430982
-0.000639723
-0.00101015
-0.00143482
-0.000872403
-0.000644025
-0.000635984
-0.00060453
-0.000588217
-0.00056998
-0.000558379
-0.00054873
-0.000544011
-0.000540798
-0.000536309
-0.000522175
-0.000484855
-0.000525651
-0.000544341
-0.000542458
-0.000521393
-0.000475688
-0.000409026
-0.000323635
-0.00022284
-0.000110208
9.55274e-06
0.000132911
0.000255897
0.000374899
0.000486882
0.000589375
0.000680574
0.000759395
0.000825285
0.000878349
0.000918814
0.000947337
0.000964616
0.000971585
0.000969001
0.000957885
0.000938901
0.000913002
0.000880564
0.000842439
0.000798766
0.000750349
0.000696933
0.000639326
0.000576793
0.000510405
0.000438477
0.000362754
0.000279794
0.000192876
9.50026e-05
-7.74664e-06
-0.000129888
-0.000262471
-0.000434948
-0.000660483
-0.000995016
-0.00136356
-0.000886992
-0.00065588
-0.000640163
-0.000607944
-0.000591452
-0.000573465
-0.000561789
-0.000552017
-0.000546879
-0.000543378
-0.000539181
-0.000527484
-0.000491702
-0.000526019
-0.000544582
-0.000542638
-0.000521542
-0.000475834
-0.000409188
-0.000323833
-0.00022308
-0.000110498
9.21203e-06
0.000132524
0.000255467
0.000374426
0.000486364
0.00058882
0.000680014
0.000758878
0.000824847
0.000878002
0.000918551
0.000947145
0.000964487
0.000971501
0.000968943
0.000957855
0.000938913
0.000913075
0.000880719
0.000842687
0.000799121
0.000750822
0.000697543
0.000640075
0.000577679
0.000511435
0.000439688
0.00036423
0.00028167
0.000195334
9.81812e-05
-3.73164e-06
-0.000127035
-0.000260424
-0.000433357
-0.000659134
-0.000993702
-0.00136234
-0.000885896
-0.000654819
-0.000639167
-0.000606967
-0.00059038
-0.000572259
-0.000560444
-0.000550618
-0.000545528
-0.000542149
-0.000538131
-0.000526631
-0.000491056
-0.000526114
-0.000544462
-0.000542438
-0.000521265
-0.000475256
-0.000408253
-0.000322603
-0.000221585
-0.000109039
1.06545e-05
0.000133884
0.000256672
0.000375426
0.000487124
0.000589335
0.000680245
0.000758807
0.000824451
0.000877304
0.000917582
0.000945954
0.000963104
0.000969977
0.000967311
0.000956141
0.000937111
0.000911185
0.000878716
0.000840582
0.000796887
0.000748469
0.000695022
0.00063742
0.000574843
0.000508459
0.000436468
0.000360722
0.000277706
0.000190651
9.28701e-05
-1.04857e-05
-0.000131883
-0.000266771
-0.000436764
-0.000664487
-0.000960845
-0.00131367
-0.000899099
-0.000661071
-0.000640837
-0.000609227
-0.000592625
-0.000574669
-0.000562936
-0.000553045
-0.000547838
-0.000544549
-0.00054118
-0.000531477
-0.000495178
-0.000526481
-0.000544704
-0.000542621
-0.000521417
-0.000475405
-0.000408418
-0.000322802
-0.000221824
-0.000109328
1.03161e-05
0.0001335
0.000256246
0.000374959
0.000486613
0.00058879
0.000679694
0.000758297
0.000824017
0.000876958
0.00091732
0.000945763
0.000962974
0.000969891
0.000967253
0.000956111
0.000937122
0.000911256
0.000878868
0.000840827
0.000797236
0.000748936
0.000695623
0.000638159
0.000575718
0.000509479
0.000437665
0.00036218
0.000279549
0.000193048
9.58866e-05
-6.96438e-06
-0.00012913
-0.000264741
-0.000435171
-0.000663146
-0.000959514
-0.00131244
-0.000898005
-0.000660014
-0.000639839
-0.000608235
-0.000591535
-0.000573447
-0.000561588
-0.00055166
-0.000546514
-0.000543355
-0.000540163
-0.000530654
-0.000494559
-0.000528071
-0.000545762
-0.000543817
-0.000521796
-0.00047547
-0.000408223
-0.000322617
-0.000221885
-0.000109785
9.42249e-06
0.000132098
0.000254307
0.00037251
0.000483687
0.000585451
0.000675976
0.000754251
0.000819675
0.00087239
0.000912586
0.000940945
0.000958115
0.00096505
0.000962465
0.000951407
0.00093249
0.000906689
0.000874331
0.000836324
0.000792729
0.000744432
0.000691053
0.000633559
0.000571021
0.000504719
0.000432746
0.000357
0.000274067
0.000186762
8.94225e-05
-1.50451e-05
-0.000134539
-0.00027334
-0.000436538
-0.00066981
-0.000914241
-0.00124957
-0.000899429
-0.000666525
-0.000640539
-0.000609831
-0.000593199
-0.000575327
-0.000563533
-0.000553534
-0.00054823
-0.000545216
-0.000542918
-0.000535786
-0.000500349
-0.000528433
-0.000546005
-0.000544003
-0.000521952
-0.000475624
-0.000408391
-0.000322817
-0.000222125
-0.000110072
9.08686e-06
0.000131718
0.000253888
0.00037205
0.000483187
0.000584918
0.000675439
0.000753752
0.000819249
0.000872049
0.000912326
0.000940753
0.000957982
0.000964962
0.000962406
0.000951378
0.000932502
0.000906761
0.00087448
0.000836564
0.000793073
0.000744891
0.000691644
0.000634285
0.000571881
0.000505724
0.000433927
0.000358433
0.000275872
0.000189081
9.22414e-05
-1.20468e-05
-0.00013194
-0.000271344
-0.000434948
-0.000668466
-0.000912919
-0.00124835
-0.000898336
-0.000665472
-0.000639538
-0.000608822
-0.000592091
-0.000574093
-0.000562191
-0.000552172
-0.000546943
-0.000544065
-0.000541941
-0.000534999
-0.00049976
-0.000531613
-0.000548202
-0.000546551
-0.000522841
-0.000476296
-0.000408981
-0.00032376
-0.000223674
-0.000112384
5.98477e-06
0.000127773
0.000249121
0.000366532
0.000477008
0.000578181
0.000668237
0.000746175
0.00081138
0.000863982
0.000904156
0.000932579
0.000949867
0.000956975
0.000954588
0.000943764
0.000925084
0.00089953
0.000867397
0.000829634
0.000786248
0.000738179
0.000684962
0.000627669
0.000565251
0.000499111
0.000427229
0.000351534
0.000268778
0.000181221
8.44889e-05
-2.11638e-05
-0.000138348
-0.000280926
-0.00043577
-0.000673746
-0.000871049
-0.00118154
-0.000890116
-0.000670596
-0.00064049
-0.00061022
-0.000593712
-0.000575942
-0.000564077
-0.000553909
-0.000548481
-0.000545808
-0.000544801
-0.000540793
-0.00050781
-0.000531969
-0.000548445
-0.000546741
-0.000523003
-0.000476455
-0.000409153
-0.000323962
-0.000223914
-0.00011267
5.65227e-06
0.000127399
0.000248709
0.000366083
0.00047652
0.000577665
0.000667718
0.000745692
0.000810964
0.000863648
0.000903898
0.000932389
0.000949734
0.000956885
0.000954529
0.000943736
0.000925097
0.000899602
0.000867545
0.000829871
0.000786587
0.00073863
0.000685541
0.000628379
0.000566094
0.000500098
0.000428391
0.000352939
0.000270536
0.000183447
8.70963e-05
-1.85798e-05
-0.000135932
-0.000278981
-0.000434187
-0.000672402
-0.000869739
-0.00118032
-0.000889022
-0.000669544
-0.000639484
-0.000609193
-0.00059259
-0.000574703
-0.000562749
-0.00055258
-0.000547238
-0.000544704
-0.000543868
-0.000540043
-0.000507251
-0.000536492
-0.00055166
-0.000550197
-0.00052435
-0.000477708
-0.000410443
-0.000325772
-0.000226455
-0.000116093
1.33568e-06
0.000122153
0.000242576
0.000359133
0.00046885
0.00056938
0.000658917
0.000736467
0.000801413
0.000853863
0.000893984
0.000922445
0.000939842
0.000947112
0.000944928
0.000934345
0.00091592
0.000890633
0.000858755
0.00082126
0.000778122
0.000730307
0.000677295
0.000620228
0.000557978
0.00049202
0.000420281
0.000344665
0.000262116
0.000174396
7.82268e-05
-2.82573e-05
-0.000143483
-0.000288271
-0.000435173
-0.000673292
-0.000833283
-0.00111386
-0.000875463
-0.000672966
-0.000638977
-0.00061008
-0.000594049
-0.000576475
-0.000564537
-0.000554131
-0.000548531
-0.000546258
-0.000546715
-0.00054625
-0.000517421
-0.000536838
-0.000551901
-0.00055039
-0.000524517
-0.000477872
-0.000410621
-0.000325976
-0.000226696
-0.000116377
1.00661e-06
0.000121785
0.000242171
0.000358694
0.000468377
0.000568882
0.000658417
0.000736002
0.000801011
0.000853536
0.000893731
0.000922257
0.000939708
0.000947021
0.000944869
0.000934318
0.000915935
0.000890705
0.000858901
0.000821493
0.000778454
0.00073075
0.00067786
0.00062092
0.000558803
0.000492988
0.00042142
0.000346039
0.000263822
0.000176518
8.06205e-05
-2.60088e-05
-0.000141265
-0.000286391
-0.000433606
-0.000671948
-0.000831986
-0.00111264
-0.000874368
-0.000671915
-0.000637963
-0.000609038
-0.000592916
-0.000575238
-0.00056323
-0.00055284
-0.000547338
-0.000545205
-0.000545828
-0.000545537
-0.000516893
-0.000542136
-0.000556249
-0.000554234
-0.000526355
-0.000479611
-0.000412364
-0.00032823
-0.000229592
-0.000120069
-3.48142e-06
0.000116456
0.000236042
0.000351801
0.000460791
0.000560684
0.000649681
0.000726803
0.000791434
0.000843666
0.000883658
0.000912073
0.000929503
0.000936856
0.000934807
0.000924395
0.000906174
0.000881101
0.000849441
0.000812175
0.000769263
0.000721671
0.000668859
0.000611988
0.000549922
0.00048412
0.000412548
0.000337006
0.000254682
0.000166868
7.12146e-05
-3.57334e-05
-0.000149358
-0.000294762
-0.000434989
-0.000667539
-0.000798797
-0.00105292
-0.000858473
-0.000672846
-0.00063614
-0.000609214
-0.000593769
-0.00057682
-0.000564839
-0.000554142
-0.000548295
-0.000546429
-0.000548438
-0.000551617
-0.00052842
-0.000542471
-0.000556487
-0.000554428
-0.000526527
-0.000479782
-0.000412547
-0.000328436
-0.000229834
-0.000120351
-3.80664e-06
0.000116094
0.000235647
0.000351374
0.000460334
0.000560206
0.000649203
0.000726358
0.000791047
0.00084335
0.000883411
0.000911887
0.000929369
0.000936764
0.000934747
0.00092437
0.000906191
0.000881174
0.000849586
0.000812404
0.000769588
0.000722105
0.000669411
0.000612663
0.000550727
0.000485066
0.000413662
0.000338345
0.00025633
0.000168879
7.34018e-05
-3.37569e-05
-0.000147337
-0.000292959
-0.000433446
-0.000666199
-0.000797512
-0.00105171
-0.000857378
-0.000671796
-0.000635118
-0.000608159
-0.00059263
-0.000575591
-0.000563561
-0.000552895
-0.000547153
-0.000545428
-0.000547597
-0.000550943
-0.000527923
-0.000548016
-0.000561955
-0.000558336
-0.00052882
-0.000481862
-0.000414549
-0.000330818
-0.000232677
-0.000123808
-7.88539e-06
0.000111335
0.000230227
0.000345286
0.000453614
0.000552895
0.000641346
0.000718008
0.00078227
0.000834216
0.000873994
0.000902276
0.000919651
0.000926994
0.000924992
0.000914666
0.000896577
0.000871647
0.000840147
0.000803045
0.000760319
0.000712899
0.000660263
0.000603544
0.000541655
0.000475972
0.00040458
0.00032909
0.000247024
0.000159147
6.40393e-05
-4.31285e-05
-0.000155211
-0.000300206
-0.000434431
-0.000658172
-0.000767338
-0.001007
-0.000838806
-0.000670457
-0.000631741
-0.000607331
-0.000592451
-0.000576677
-0.000564926
-0.000553943
-0.000547755
-0.000546246
-0.000549811
-0.000556478
-0.000540053
-0.000548339
-0.000562189
-0.000558533
-0.000528997
-0.000482038
-0.000414737
-0.000331027
-0.000232919
-0.000124087
-8.20634e-06
0.00011098
0.000229841
0.000344872
0.000453173
0.000552438
0.000640892
0.000717584
0.0007819
0.000833911
0.000873753
0.000902094
0.000919517
0.000926902
0.000924933
0.000914642
0.000896596
0.000871721
0.00084029
0.000803271
0.000760638
0.000713322
0.0006608
0.000604199
0.000542438
0.000476894
0.000405667
0.000330391
0.000248609
0.000161043
6.60328e-05
-4.13732e-05
-0.000153378
-0.00029849
-0.00043292
-0.00065684
-0.000766064
-0.0010058
-0.000837712
-0.000669406
-0.000630713
-0.000606265
-0.000591311
-0.000575463
-0.000563683
-0.000552744
-0.000546665
-0.000545295
-0.000549016
-0.000555842
-0.000539586
-0.000553812
-0.000568425
-0.000562364
-0.000531652
-0.000484332
-0.000416861
-0.000333358
-0.000235519
-0.000127099
-1.16583e-05
0.00010702
0.000225353
0.000339809
0.000447532
0.000546229
0.000634132
0.000710309
0.000774159
0.000825756
0.000865245
0.000893323
0.000910562
0.000917815
0.000915779
0.000905463
0.00088744
0.000862589
0.000831191
0.000794197
0.000751616
0.000704319
0.000651832
0.000595223
0.000533504
0.000467907
0.00039671
0.000321249
0.000239491
0.000151567
5.70949e-05
-5.0134e-05
-0.000160524
-0.000304494
-0.000432793
-0.000646872
-0.000738751
-0.00097128
-0.000815333
-0.000667314
-0.00062588
-0.000604025
-0.000590423
-0.000575775
-0.000564701
-0.000553572
-0.000546971
-0.000545717
-0.000550762
-0.000560556
-0.000551737
-0.000554121
-0.000568655
-0.000562561
-0.000531833
-0.000484513
-0.000417052
-0.000333569
-0.00023576
-0.000127376
-1.19745e-05
0.000106673
0.000224977
0.000339408
0.000447109
0.000545794
0.000633701
0.000709907
0.000773806
0.000825463
0.000865013
0.000893145
0.00091043
0.000917723
0.000915721
0.000905441
0.000887461
0.000862664
0.000831333
0.000794418
0.000751927
0.000704732
0.000652354
0.000595859
0.000534264
0.000468804
0.000397767
0.000322509
0.00024101
0.000153345
5.89109e-05
-4.85602e-05
-0.000158866
-0.000302871
-0.000431321
-0.000645553
-0.00073749
-0.000970089
-0.00081424
-0.000666263
-0.000624846
-0.000602954
-0.000589287
-0.000574582
-0.000563497
-0.000552423
-0.000545933
-0.000544817
-0.000550011
-0.000559958
-0.000551299
-0.00055934
-0.000575207
-0.000566252
-0.000534734
-0.000486904
-0.000419193
-0.000335745
-0.000238032
-0.000129881
-1.47742e-05
0.00010351
0.00022139
0.000335293
0.000442452
0.000540576
0.000627924
0.000703599
0.000767007
0.000818208
0.000857361
0.000885187
0.000902236
0.000909337
0.000907202
0.00089684
0.000878836
0.000854015
0.000822672
0.000785741
0.000743272
0.000696065
0.000643704
0.000587176
0.000525621
0.00046009
0.000389104
0.000313664
0.000232265
0.000144324
5.05883e-05
-5.65418e-05
-0.000165053
-0.000307511
-0.000429825
-0.000634293
-0.000711893
-0.0009347
-0.000791484
-0.000664742
-0.000619629
-0.000599212
-0.000587791
-0.000574152
-0.000563976
-0.000553007
-0.000546012
-0.000544897
-0.000551271
-0.000563694
-0.000563023
-0.000559634
-0.000575432
-0.00056645
-0.000534919
-0.000487088
-0.000419386
-0.000335957
-0.000238274
-0.000130156
-1.50851e-05
0.000103171
0.000221025
0.000334907
0.000442046
0.000540162
0.000627517
0.000703219
0.000766672
0.000817928
0.000857137
0.000885013
0.000902106
0.000909245
0.000907145
0.00089682
0.00087886
0.000854091
0.000822813
0.000785959
0.000743577
0.000696468
0.000644211
0.000587792
0.000526358
0.000460961
0.000390129
0.00031488
0.000233714
0.000145986
5.22442e-05
-5.51179e-05
-0.000163552
-0.000305982
-0.000428397
-0.000632991
-0.000710645
-0.000933517
-0.000790392
-0.00066369
-0.000618591
-0.00059814
-0.000586665
-0.000572985
-0.000562814
-0.00055191
-0.000545025
-0.000544043
-0.000550561
-0.000563131
-0.000562614
-0.000564432
-0.000581941
-0.00056994
-0.000537925
-0.000489453
-0.000421441
-0.000337897
-0.000240172
-0.000132153
-1.7278e-05
0.00010071
0.000218235
0.000331654
0.000438281
0.000535834
0.000622611
0.000697748
0.000760662
0.000811397
0.00085015
0.000877667
0.000894488
0.000901402
0.000899131
0.00088869
0.000870687
0.000845871
0.000814555
0.000777661
0.00073529
0.000688156
0.000635906
0.000579446
0.000518052
0.000452586
0.000381825
0.000306421
0.000225421
0.000137532
4.46089e-05
-6.22089e-05
-0.000168705
-0.000309141
-0.000425541
-0.000620414
-0.000685638
-0.00089286
-0.000774424
-0.000660114
-0.000614432
-0.000593326
-0.000583842
-0.000572227
-0.000562489
-0.000552084
-0.000544871
-0.000543814
-0.000551342
-0.000565809
-0.000573576
-0.000564712
-0.000582161
-0.000570138
-0.000538112
-0.00048964
-0.000421637
-0.00033811
-0.000240412
-0.000132424
-1.75829e-05
0.000100379
0.000217881
0.000331282
0.000437893
0.000535441
0.000622226
0.000697389
0.000760344
0.000811131
0.000849934
0.000877498
0.000894361
0.000901312
0.000899076
0.000888673
0.000870712
0.000845949
0.000814695
0.000777875
0.000735588
0.000688548
0.000636397
0.000580042
0.000518766
0.00045343
0.000382816
0.00030759
0.000226798
0.00013908
4.61221e-05
-6.09098e-05
-0.000167344
-0.000307706
-0.000424163
-0.000619134
-0.000684406
-0.000891687
-0.000773335
-0.000659063
-0.000613393
-0.000592257
-0.000582731
-0.000571091
-0.000561371
-0.000551039
-0.000543931
-0.000543004
-0.00055067
-0.000565278
-0.000573192
-0.000568893
-0.00058834
-0.000573338
-0.000541044
-0.000491839
-0.000423482
-0.000339726
-0.000241884
-0.000133855
-1.90756e-05
9.86934e-05
0.000216098
0.000329276
0.000435537
0.000532592
0.000618793
0.000693303
0.000755578
0.000805656
0.0008438
0.000870775
0.000887214
0.000893868
0.000891407
0.000880837
0.000862804
0.000837991
0.000806693
0.000769835
0.000727573
0.000680519
0.000628381
0.000571992
0.000510774
0.000445389
0.000374871
0.000299541
0.000218977
0.000131241
3.91889e-05
-6.70558e-05
-0.000171448
-0.000309308
-0.000420013
-0.000605114
-0.000659639
-0.000847474
-0.000764817
-0.000650514
-0.000610737
-0.000587431
-0.00057851
-0.000569623
-0.000560343
-0.0005505
-0.00054342
-0.000542418
-0.000550974
-0.000566863
-0.000583178
-0.000569158
-0.000588554
-0.000573535
-0.000541232
-0.000492027
-0.000423679
-0.000339938
-0.000242123
-0.000134122
-1.9374e-05
9.83714e-05
0.000215755
0.000328918
0.000435166
0.000532219
0.00061843
0.000692965
0.000755278
0.000805402
0.000843593
0.000870612
0.00088709
0.00089378
0.000891354
0.000880821
0.000862831
0.000838069
0.000806832
0.000770045
0.000727864
0.0006809
0.000628857
0.000572569
0.000511464
0.000446205
0.000375828
0.000300661
0.000220282
0.000132681
4.05761e-05
-6.58611e-05
-0.000170206
-0.000307965
-0.000418688
-0.000603859
-0.000658424
-0.000846312
-0.000763733
-0.000649464
-0.000609701
-0.00058637
-0.000577418
-0.00056852
-0.000559271
-0.000549505
-0.000542528
-0.000541649
-0.000550337
-0.000566363
-0.000582819
-0.000572529
-0.000594134
-0.000576312
-0.000543869
-0.000493884
-0.00042515
-0.00034105
-0.000243005
-0.000134677
-1.96029e-05
9.81411e-05
0.000215526
0.000328742
0.000434858
0.000531557
0.00061726
0.000691131
0.000752682
0.000801971
0.000839342
0.000865474
0.000881145
0.000887236
0.000884359
0.000873441
0.000855157
0.000830269
0.000798953
0.000762109
0.000719953
0.000673004
0.000620995
0.000564701
0.000503693
0.000438431
0.000368187
0.000292987
0.000212909
0.000125447
3.43283e-05
-7.1063e-05
-0.000173279
-0.000308013
-0.000413308
-0.00058842
-0.000634084
-0.000801446
-0.000755851
-0.000640914
-0.000606452
-0.000582255
-0.000572436
-0.00056538
-0.000557741
-0.000548214
-0.000541472
-0.000540557
-0.000550102
-0.00056684
-0.00059169
-0.00057278
-0.000594343
-0.000576508
-0.000544058
-0.000494074
-0.000425348
-0.000341262
-0.000243241
-0.00013494
-1.98945e-05
9.78282e-05
0.000215195
0.000328397
0.000434504
0.000531204
0.000616917
0.000690813
0.000752398
0.00080173
0.000839144
0.000865318
0.000881025
0.000887152
0.00088431
0.000873428
0.000855187
0.000830348
0.000799091
0.000762315
0.000720237
0.000673374
0.000621456
0.000565258
0.000504359
0.000439217
0.000369108
0.000294058
0.000214142
0.000126785
3.5605e-05
-6.99561e-05
-0.000172139
-0.000306756
-0.000412038
-0.000587195
-0.000632888
-0.000800298
-0.000754773
-0.00063987
-0.000605421
-0.000581204
-0.000571367
-0.000564314
-0.000556717
-0.000547269
-0.000540624
-0.000539826
-0.000549497
-0.000566367
-0.000591354
-0.000575174
-0.000599059
-0.000578664
-0.00054613
-0.000495332
-0.000426191
-0.000341473
-0.00024306
-0.000134363
-1.87029e-05
9.93759e-05
0.000216673
0.000329809
0.000435658
0.000531947
0.000617164
0.000690464
0.000751383
0.00080003
0.00083679
0.000862226
0.000877089
0.000882453
0.000878975
0.00086749
0.000848568
0.000823225
0.000791692
0.000754684
0.000712443
0.000665537
0.000613645
0.000557451
0.000496673
0.000431586
0.000361662
0.000286667
0.000207143
0.000120101
2.99935e-05
-7.42542e-05
-0.000174221
-0.000305323
-0.000405501
-0.00057048
-0.00060922
-0.00075668
-0.000742318
-0.000637317
-0.000598624
-0.000577543
-0.000566018
-0.000559523
-0.000554043
-0.00054551
-0.000538846
-0.000538044
-0.000548553
-0.000565687
-0.000599033
-0.000575411
-0.000599262
-0.000578858
-0.000546319
-0.000495522
-0.000426389
-0.000341683
-0.000243293
-0.000134621
-1.89871e-05
9.90723e-05
0.000216353
0.000329478
0.000435321
0.000531613
0.000616841
0.000690164
0.000751116
0.000799802
0.000836602
0.000862077
0.000876975
0.000882373
0.000878929
0.000867482
0.000848601
0.000823306
0.00079183
0.000754887
0.00071272
0.000665896
0.000614092
0.00055799
0.000497315
0.000432342
0.000362545
0.000287688
0.000208304
0.000121345
3.11736e-05
-7.32212e-05
-0.000173166
-0.000304146
-0.000404286
-0.000569288
-0.000608046
-0.000755547
-0.000741249
-0.000636282
-0.0005976
-0.000576509
-0.000564975
-0.000558494
-0.000553065
-0.000544612
-0.00053804
-0.000537347
-0.000547978
-0.000565239
-0.000598717
-0.000576611
-0.00060288
-0.000580109
-0.000547457
-0.000495774
-0.000426219
-0.000340952
-0.000241893
-0.000132835
-1.68645e-05
0.000101465
0.000218555
0.00033123
0.000436451
0.000532077
0.000616644
0.000689312
0.000749644
0.000797797
0.000834146
0.000859245
0.000873756
0.000878739
0.000874907
0.000863064
0.000843652
0.000817727
0.000785831
0.000748497
0.000705845
0.000658632
0.00060669
0.000550467
0.000489776
0.000424821
0.000355225
0.000280492
0.000201572
0.000115108
2.61092e-05
-7.66908e-05
-0.000174313
-0.000301329
-0.000396694
-0.000551487
-0.000585146
-0.000714134
-0.000723546
-0.000636856
-0.000589882
-0.000571781
-0.000559408
-0.000552686
-0.000548574
-0.000542013
-0.000535614
-0.000534756
-0.000546117
-0.000563248
-0.000605225
-0.000576836
-0.000603078
-0.000580301
-0.000547645
-0.000495964
-0.000426415
-0.00034116
-0.000242122
-0.000133088
-1.71411e-05
0.000101171
0.000218247
0.000330913
0.00043613
0.000531761
0.00061634
0.00068903
0.000749392
0.000797581
0.000833967
0.000859102
0.000873647
0.000878663
0.000874866
0.00086306
0.000843688
0.00081781
0.000785969
0.000748698
0.000706117
0.000658982
0.000607123
0.000550988
0.000490395
0.000425549
0.000356071
0.000281463
0.000202665
0.000116264
2.72051e-05
-7.572e-05
-0.00017333
-0.000300224
-0.000395534
-0.00055033
-0.000583996
-0.000713018
-0.000722488
-0.000635831
-0.00058887
-0.000570765
-0.000558393
-0.000551696
-0.000547642
-0.00054116
-0.000534849
-0.000534093
-0.000545569
-0.000562824
-0.000604928
-0.000576361
-0.000605265
-0.000580292
-0.00054739
-0.000495113
-0.000425062
-0.000339349
-0.000239677
-0.000130269
-1.44099e-05
0.00010359
0.000220114
0.000331981
0.000436298
0.000531027
0.000614734
0.000686604
0.000746271
0.000793903
0.000829856
0.000854704
0.000869112
0.000874039
0.000870191
0.000858349
0.000838987
0.000812981
0.000780997
0.000743551
0.000700668
0.000653078
0.000600974
0.000544605
0.000483757
0.000418664
0.000349231
0.000274699
0.000196252
0.000110435
2.26014e-05
-7.84677e-05
-0.000173618
-0.000296125
-0.000386989
-0.00053164
-0.00056181
-0.000674279
-0.00070107
-0.000634059
-0.000585631
-0.000563308
-0.000552987
-0.000545322
-0.000541755
-0.000537124
-0.000531971
-0.000530869
-0.000542652
-0.00055941
-0.000610337
-0.000576576
-0.000605458
-0.000580482
-0.000547577
-0.000495302
-0.000425257
-0.000339556
-0.000239903
-0.000130516
-1.46788e-05
0.000103305
0.000219817
0.000331677
0.000435993
0.000530727
0.000614447
0.000686339
0.000746034
0.000793699
0.000829686
0.000854568
0.000869008
0.000873968
0.000870154
0.000858348
0.000839027
0.000813066
0.000781135
0.000743749
0.000700935
0.00065342
0.000601395
0.000545109
0.000484355
0.000419364
0.00035004
0.000275622
0.00019728
0.000111512
2.36237e-05
-7.75498e-05
-0.000172693
-0.000295086
-0.000385882
-0.000530519
-0.000560686
-0.000673184
-0.000700026
-0.000633048
-0.000584635
-0.000562314
-0.000552003
-0.000544371
-0.000540867
-0.000536315
-0.000531244
-0.000530237
-0.00054213
-0.000559008
-0.000610056
-0.000573847
-0.000605105
-0.000578991
-0.000545807
-0.000493049
-0.000422414
-0.000336127
-0.000236262
-0.000126929
-1.15607e-05
0.000105672
0.000221228
0.000331975
0.000435156
0.000528763
0.000611408
0.000682328
0.000741221
0.000788237
0.00082373
0.00084828
0.000862563
0.000867472
0.000863693
0.000851978
0.000832872
0.000807159
0.00077544
0.000738219
0.00069561
0.000648147
0.000596158
0.000539859
0.00047903
0.000413819
0.000344467
0.000270112
0.000191889
0.000106523
1.96657e-05
-7.95914e-05
-0.00017221
-0.000289815
-0.000376471
-0.000511147
-0.000539109
-0.000637262
-0.000676433
-0.000626898
-0.000584595
-0.000555022
-0.000545627
-0.000537836
-0.000534456
-0.000531015
-0.000527695
-0.000526712
-0.000538324
-0.000554422
-0.000613819
-0.000574052
-0.000605293
-0.000579178
-0.000545993
-0.000493236
-0.000422607
-0.000336331
-0.000236484
-0.000127171
-1.18219e-05
0.000105396
0.000220943
0.000331685
0.000434865
0.000528479
0.000611137
0.000682078
0.000740997
0.000788044
0.000823569
0.000848151
0.000862465
0.000867405
0.000863659
0.000851981
0.000832914
0.000807245
0.000775578
0.000738414
0.000695871
0.00064848
0.000596566
0.000540347
0.000479607
0.000414492
0.000345241
0.000270988
0.000192855
0.000107529
2.06242e-05
-7.87187e-05
-0.000171333
-0.000288834
-0.000375415
-0.000510065
-0.000538014
-0.000636188
-0.000675406
-0.000625903
-0.000583617
-0.000554053
-0.000544676
-0.000536925
-0.000533611
-0.000530247
-0.000527006
-0.000526112
-0.000537827
-0.000554039
-0.000613553
-0.000570175
-0.000600857
-0.000575467
-0.000542174
-0.000488722
-0.000417642
-0.000331113
-0.00023151
-0.000122708
-8.22892e-06
0.000107862
0.000222084
0.000331414
0.000433193
0.000525443
0.000606848
0.000676701
0.00073472
0.000781039
0.000816012
0.000840212
0.000854309
0.000859148
0.000855412
0.000843829
0.000824977
0.000799601
0.000768247
0.000731392
0.000689244
0.000642261
0.000590723
0.000534825
0.000474455
0.000409621
0.000340664
0.000266763
0.000188977
0.000104178
1.81116e-05
-7.95814e-05
-0.000170036
-0.000282496
-0.000365212
-0.000490221
-0.000516922
-0.000602955
-0.00065062
-0.000615941
-0.000582376
-0.000550548
-0.000536614
-0.00053047
-0.000526961
-0.000524042
-0.000522415
-0.000522169
-0.000533911
-0.000548691
-0.000613464
-0.000570372
-0.00060104
-0.000575651
-0.000542358
-0.000488908
-0.000417834
-0.000331315
-0.000231728
-0.000122944
-8.48242e-06
0.000107595
0.00022181
0.000331135
0.000432915
0.000525173
0.000606592
0.000676465
0.000734509
0.000780856
0.00081586
0.00084009
0.000854217
0.000859086
0.000855383
0.000843835
0.000825022
0.000799689
0.000768384
0.000731585
0.000689499
0.000642585
0.000591118
0.000535296
0.00047501
0.000410266
0.000341402
0.000267593
0.000189886
0.000105121
1.90151e-05
-7.87468e-05
-0.000169199
-0.000281566
-0.000364203
-0.000489176
-0.000515857
-0.000601905
-0.000649612
-0.000614965
-0.000581419
-0.000549606
-0.000535696
-0.000529599
-0.000526157
-0.000523314
-0.000521763
-0.000521599
-0.000533437
-0.000548326
-0.000613209
-0.000564342
-0.000594582
-0.000569348
-0.000535548
-0.000481732
-0.000410572
-0.00032428
-0.000225338
-0.000117499
-4.35335e-06
0.000110189
0.000222742
0.000330352
0.000430436
0.000521105
0.000601117
0.000669786
0.000726841
0.0007724
0.000806816
0.000830644
0.000844534
0.000849288
0.000845586
0.000834138
0.000815527
0.000790459
0.000759465
0.000723006
0.000681338
0.000634894
0.000583915
0.000528572
0.000468855
0.000404727
0.000336521
0.000263436
0.000186605
0.000103017
1.81236e-05
-7.77762e-05
-0.000166583
-0.000274191
-0.000353258
-0.000469043
-0.0004951
-0.000571102
-0.000624205
-0.000602254
-0.000577073
-0.000548299
-0.000529365
-0.00052225
-0.000519279
-0.000516204
-0.000516041
-0.000516715
-0.000529446
-0.000541415
-0.000610097
-0.000564533
-0.00059476
-0.000569528
-0.00053573
-0.000481916
-0.000410762
-0.00032448
-0.000225553
-0.00011773
-4.59925e-06
0.000109931
0.000222478
0.000330085
0.000430172
0.000520848
0.000600875
0.000669563
0.000726642
0.000772227
0.000806672
0.000830529
0.000844448
0.000849232
0.000845562
0.000834148
0.000815574
0.000790549
0.000759601
0.000723197
0.000681589
0.000635209
0.000584298
0.000529027
0.000469389
0.000405345
0.000337225
0.000264222
0.000187461
0.000103901
1.89783e-05
-7.69744e-05
-0.00016578
-0.000273306
-0.000352294
-0.000468037
-0.000494066
-0.000570077
-0.000623219
-0.000601299
-0.00057614
-0.000547386
-0.000528481
-0.000521418
-0.000518514
-0.000515514
-0.000515424
-0.000516176
-0.000528995
-0.000541066
-0.000609851
-0.000554996
-0.000586608
-0.000560794
-0.000525993
-0.000472277
-0.000401406
-0.000315725
-0.000217837
-0.000111422
-3.25631e-08
0.00011258
0.00022311
0.000328668
0.000426788
0.00051568
0.000594145
0.000661513
0.000717519
0.000762268
0.000796104
0.000819557
0.000833252
0.000837947
0.000834311
0.000823031
0.000804688
0.000779945
0.000749327
0.000713292
0.000672117
0.000626205
0.000575804
0.00052107
0.000462061
0.000398727
0.000331415
0.000259348
0.000183729
0.000101797
1.86383e-05
-7.45876e-05
-0.000161474
-0.000264823
-0.000340638
-0.000447764
-0.000473498
-0.000541403
-0.000597562
-0.000586539
-0.000568857
-0.000545247
-0.000525269
-0.000513836
-0.000510778
-0.000507611
-0.000508569
-0.000509897
-0.000524432
-0.000533157
-0.000606154
-0.000555183
-0.00058678
-0.000560971
-0.000526173
-0.000472459
-0.000401594
-0.000315922
-0.000218047
-0.000111647
-2.70809e-07
0.000112332
0.000222857
0.000328413
0.000426536
0.000515436
0.000593915
0.000661301
0.00071733
0.000762105
0.000795968
0.000819449
0.000833172
0.000837896
0.000834291
0.000823045
0.000804738
0.000780037
0.000749464
0.00071348
0.000672362
0.000626513
0.000576176
0.00052151
0.000462574
0.000399318
0.000332085
0.000260092
0.000184534
0.000102629
1.94479e-05
-7.38167e-05
-0.000160699
-0.000263977
-0.000339716
-0.000446796
-0.000472497
-0.000540406
-0.000596599
-0.000585608
-0.000567951
-0.000544365
-0.000524422
-0.000513043
-0.000510051
-0.000506957
-0.000507986
-0.000509387
-0.000524003
-0.000532824
-0.000605916
-0.000542461
-0.000576499
-0.000550495
-0.000514231
-0.000460848
-0.000390489
-0.000305701
-0.000209257
-0.00010467
4.58479e-06
0.000114894
0.000223041
0.000326248
0.000422174
0.000509095
0.000585858
0.000651805
0.000706681
0.000750575
0.00078381
0.000806893
0.000820415
0.000825092
0.00082157
0.000810513
0.000792493
0.000768135
0.000737951
0.000702394
0.00066176
0.00061642
0.000566633
0.000512558
0.0004543
0.000391802
0.000325445
0.000254506
0.000180213
0.000100117
1.8936e-05
-7.10634e-05
-0.000155252
-0.000254434
-0.000327408
-0.000426507
-0.000452029
-0.000513547
-0.00057096
-0.000569183
-0.00055835
-0.000539955
-0.000521952
-0.000507305
-0.000501761
-0.000498623
-0.000500304
-0.000501463
-0.000518221
-0.000524416
-0.00060218
-0.000542647
-0.000576669
-0.000550669
-0.000514408
-0.000461028
-0.000390675
-0.000305895
-0.000209463
-0.000104889
4.3544e-06
0.000114655
0.000222798
0.000326004
0.000421933
0.000508863
0.000585639
0.000651605
0.000706502
0.00075042
0.000783682
0.000806791
0.00082034
0.000825046
0.000821554
0.00081053
0.000792547
0.000768228
0.000738088
0.000702581
0.000662001
0.000616719
0.000566993
0.000512983
0.000454793
0.000392368
0.000326082
0.000255211
0.000180972
0.0001009
1.97041e-05
-7.03228e-05
-0.000154503
-0.000253624
-0.000326526
-0.000425576
-0.000451061
-0.000512579
-0.000570023
-0.000568278
-0.000557472
-0.000539106
-0.000521142
-0.000506551
-0.00050107
-0.000498004
-0.000499753
-0.000500981
-0.000517813
-0.000524097
-0.000601949
-0.000527888
-0.000564055
-0.000539282
-0.000501011
-0.000447782
-0.000378113
-0.000294504
-0.000199822
-9.73944e-05
9.35976e-06
0.000117014
0.000222478
0.000323086
0.000416598
0.000501355
0.000576257
0.000640666
0.000694328
0.000737315
0.000769927
0.000792637
0.000806006
0.000810702
0.000807345
0.000796571
0.000778941
0.00075504
0.000725368
0.000690367
0.000650348
0.000605655
0.000556558
0.000503219
0.000445786
0.000384199
0.000318873
0.000249161
0.000176301
9.81471e-05
1.90726e-05
-6.75102e-05
-0.000148684
-0.000243424
-0.000313679
-0.000405372
-0.000430666
-0.000487211
-0.000544615
-0.000550458
-0.000545945
-0.000532422
-0.000517646
-0.000502496
-0.000494633
-0.000489311
-0.000491851
-0.000491546
-0.000510364
-0.000514664
-0.000595953
-0.000528071
-0.000564224
-0.000539454
-0.000501186
-0.00044796
-0.000378297
-0.000294695
-0.000200023
-9.76068e-05
9.13755e-06
0.000116785
0.000222245
0.000322854
0.000416369
0.000501135
0.00057605
0.000640476
0.000694159
0.00073717
0.000769807
0.000792542
0.000805938
0.000810661
0.000807334
0.000796593
0.000778997
0.000755135
0.000725505
0.000690552
0.000650584
0.000605947
0.000556908
0.000503629
0.00044626
0.00038474
0.000319479
0.000249828
0.000177016
9.88855e-05
1.98023e-05
-6.67986e-05
-0.000147961
-0.000242645
-0.000312835
-0.000404478
-0.000429732
-0.000486274
-0.000543706
-0.00054958
-0.000545098
-0.000531607
-0.000516874
-0.000501779
-0.000493978
-0.000488725
-0.000491332
-0.000491092
-0.000509978
-0.000514359
-0.000595728
-0.000511252
-0.000548477
-0.000527211
-0.000486622
-0.000433159
-0.000364427
-0.000282272
-0.000189633
-8.96833e-05
1.42535e-05
0.000118967
0.000221494
0.000319269
0.000410144
0.000492546
0.00056543
0.00062818
0.000680543
0.000722568
0.000754527
0.000776858
0.000790085
0.000794828
0.000791681
0.000781246
0.000764065
0.000740694
0.000711613
0.000677253
0.000637932
0.000593979
0.000545666
0.000493161
0.000436648
0.000376079
0.000311893
0.000243526
0.000172228
9.6126e-05
1.93197e-05
-6.37574e-05
-0.000141989
-0.00023221
-0.000299563
-0.000384432
-0.000409434
-0.000462092
-0.000518676
-0.000530606
-0.000531866
-0.000522948
-0.000511624
-0.000497889
-0.000489635
-0.00048073
-0.00048359
-0.00048092
-0.000501494
-0.000503232
-0.000585383
-0.000511429
-0.000548645
-0.000527382
-0.000486796
-0.000433336
-0.000364609
-0.00028246
-0.000189829
-8.98889e-05
1.40399e-05
0.000118748
0.000221273
0.000319048
0.000409927
0.000492338
0.000565235
0.000628002
0.000680384
0.000722431
0.000754414
0.00077677
0.000790022
0.000794793
0.000791675
0.000781271
0.000764125
0.00074079
0.000711751
0.000677436
0.000638164
0.000594263
0.000546006
0.000493558
0.000437104
0.000376596
0.00031247
0.000244158
0.000172902
9.6823e-05
2.0013e-05
-6.3073e-05
-0.000141291
-0.000231462
-0.000298755
-0.000383574
-0.000408535
-0.000461187
-0.000517797
-0.000529758
-0.000531051
-0.000522169
-0.00051089
-0.00049721
-0.000489015
-0.000480175
-0.0004831
-0.000480493
-0.000501129
-0.00050294
-0.000585165
-0.000492844
-0.000528642
-0.000513359
-0.000471072
-0.000417011
-0.000349403
-0.000269009
-0.000178672
-8.14994e-05
1.93632e-05
0.000120876
0.000220219
0.00031492
0.000402935
0.000482793
0.000553507
0.000614481
0.000665459
0.000706467
0.000737743
0.000759687
0.00077278
0.000777593
0.000774692
0.000764645
0.000747971
0.000725194
0.000696778
0.000663137
0.000624598
0.000581475
0.000534046
0.00048248
0.000426993
0.000367563
0.000304638
0.000237753
0.000168154
9.42325e-05
1.99115e-05
-5.9819e-05
-0.000135163
-0.000220804
-0.000285112
-0.000363735
-0.000388382
-0.000437945
-0.000493215
-0.000509907
-0.000516288
-0.00051173
-0.000503821
-0.00049217
-0.000485109
-0.000473644
-0.00047665
-0.000470109
-0.000492545
-0.000489189
-0.000570154
-0.00049301
-0.00052881
-0.000513532
-0.000471244
-0.000417185
-0.000349582
-0.000269193
-0.000178863
-8.16975e-05
1.91586e-05
0.000120667
0.000220008
0.00031471
0.00040273
0.000482596
0.000553323
0.000614313
0.000665309
0.000706338
0.000737637
0.000759605
0.000772723
0.000777563
0.000774691
0.000764674
0.000748033
0.000725292
0.000696916
0.000663318
0.000624826
0.000581753
0.000534375
0.000482863
0.00042743
0.000368057
0.000305187
0.000238351
0.000168791
9.4891e-05
2.05708e-05
-5.91606e-05
-0.000134488
-0.000220085
-0.000284338
-0.000362912
-0.000387518
-0.000437073
-0.000492368
-0.000509091
-0.000515506
-0.000510987
-0.000503125
-0.000491527
-0.000484524
-0.000473121
-0.000476189
-0.000469708
-0.000492202
-0.000488911
-0.000569945
-0.000474457
-0.000504772
-0.000496083
-0.00045391
-0.00039928
-0.000332896
-0.000254597
-0.000166857
-7.27549e-05
2.47578e-05
0.000122821
0.000218733
0.000310124
0.000395066
0.000472204
0.000540613
0.000599711
0.000649231
0.000689177
0.000719746
0.000741294
0.000754263
0.00075917
0.000756549
0.000746931
0.000730812
0.000708687
0.000681001
0.000648155
0.000610475
0.000568268
0.000521814
0.000471291
0.000416935
0.000358762
0.000297221
0.000231966
0.000164191
9.26154e-05
2.09393e-05
-5.56988e-05
-0.000128294
-0.000209098
-0.000270375
-0.000343318
-0.000367561
-0.0004146
-0.000468255
-0.000488609
-0.000499399
-0.000498902
-0.00049432
-0.000484824
-0.000479979
-0.000467127
-0.000471493
-0.000458933
-0.000484041
-0.000472754
-0.000551223
-0.000474616
-0.00050494
-0.000496255
-0.000454079
-0.000399451
-0.000333071
-0.000254776
-0.000167041
-7.2945e-05
2.45629e-05
0.000122623
0.000218534
0.000309925
0.000394872
0.000472019
0.00054044
0.000599552
0.000649091
0.000689057
0.000719648
0.000741219
0.000754213
0.000759145
0.000756552
0.000746964
0.000730877
0.000708787
0.000681139
0.000648334
0.000610699
0.000568539
0.000522133
0.00047166
0.000417355
0.000359234
0.000297743
0.000232532
0.000164793
9.32378e-05
2.15672e-05
-5.50657e-05
-0.000127642
-0.000208408
-0.000269634
-0.000342531
-0.000366732
-0.000413762
-0.00046744
-0.000487825
-0.000498652
-0.000498195
-0.00049366
-0.000484217
-0.000479428
-0.000466634
-0.000471059
-0.000458556
-0.000483721
-0.000472489
-0.000551029
-0.000458653
-0.000478813
-0.000473973
-0.000434035
-0.000379633
-0.000314707
-0.00023887
-0.000154151
-6.35136e-05
3.03236e-05
0.000124705
0.000216991
0.00030488
0.000386577
0.000460861
0.000526865
0.000584013
0.000632023
0.000670874
0.00070072
0.000721868
0.000734721
0.000739744
0.000737431
0.000728279
0.000712759
0.000691338
0.000664441
0.000632454
0.000595707
0.000554494
0.000509101
0.000459717
0.000406595
0.000349792
0.00028975
0.000226259
0.000160424
9.1375e-05
2.22707e-05
-5.13291e-05
-0.000121205
-0.000197113
-0.000255427
-0.000323222
-0.000347021
-0.000391941
-0.000443795
-0.000466879
-0.000481405
-0.000484591
-0.00048322
-0.000475795
-0.000473491
-0.000460161
-0.000466964
-0.000447917
-0.000476724
-0.000455347
-0.000530705
-0.000458813
-0.000478981
-0.000474141
-0.000434203
-0.0003798
-0.000314878
-0.000239044
-0.000154329
-6.36957e-05
3.01388e-05
0.000124519
0.000216804
0.000304693
0.000386394
0.000460687
0.000526702
0.000583864
0.000631892
0.000670762
0.00070063
0.0007218
0.000734676
0.000739725
0.000737438
0.000728315
0.000712827
0.000691439
0.000664579
0.000632632
0.000595926
0.000554758
0.00050941
0.000460073
0.000406998
0.000350243
0.000290246
0.000226796
0.000160993
9.19635e-05
2.28692e-05
-5.07201e-05
-0.000120578
-0.00019645
-0.000254717
-0.000322469
-0.000346227
-0.000391139
-0.000443014
-0.000466129
-0.000480693
-0.000483921
-0.000482596
-0.000475223
-0.000472974
-0.000459699
-0.000466558
-0.000447563
-0.000476426
-0.000455097
-0.00053052
-0.000445883
-0.000453657
-0.000448301
-0.000410932
-0.00035779
-0.000294783
-0.000221848
-0.000140635
-5.3899e-05
3.58741e-05
0.000126307
0.000214849
0.000299146
0.000377497
0.000448845
0.000512381
0.000567534
0.000614003
0.000651733
0.000680844
0.00070159
0.000714329
0.000719482
0.0007175
0.000708846
0.000693963
0.00067329
0.000647235
0.000616169
0.000580418
0.000540275
0.000496024
0.00044787
0.000396078
0.000340749
0.000282316
0.000220698
0.000156909
9.04589e-05
2.38064e-05
-4.67373e-05
-0.000113676
-0.000184902
-0.000240353
-0.000303481
-0.000326801
-0.000369894
-0.000419835
-0.000444858
-0.000462474
-0.000468947
-0.000470629
-0.00046517
-0.000465323
-0.00045218
-0.000461726
-0.000437746
-0.000470193
-0.000438054
-0.000510255
-0.000446046
-0.000453822
-0.000448464
-0.000411098
-0.000357956
-0.000294951
-0.000222017
-0.000140807
-5.40735e-05
3.56986e-05
0.000126132
0.000214674
0.00029897
0.000377325
0.000448681
0.000512228
0.000567395
0.00061388
0.000651629
0.00068076
0.000701528
0.00071429
0.000719468
0.000717512
0.000708886
0.000694034
0.000673393
0.000647373
0.000616344
0.000580633
0.000540532
0.000496323
0.000448213
0.000396465
0.000341179
0.000282788
0.000221207
0.000157448
9.10168e-05
2.43767e-05
-4.61525e-05
-0.000113072
-0.000184266
-0.000239675
-0.000302762
-0.000326043
-0.000369127
-0.000419089
-0.000444144
-0.000461797
-0.000468312
-0.000470041
-0.000464632
-0.000464838
-0.000451747
-0.000461346
-0.000437414
-0.000469914
-0.000437817
-0.000510071
-0.000434045
-0.000430948
-0.000422115
-0.000386156
-0.00033461
-0.000273742
-0.000203897
-0.000126417
-4.3783e-05
4.15547e-05
0.000127609
0.00021226
0.000292934
0.000367894
0.000436262
0.000497294
0.000550423
0.000595326
0.000631916
0.000660274
0.000680609
0.000693233
0.000698522
0.000696887
0.000688753
0.000674538
0.000654653
0.000629486
0.000599395
0.000564703
0.000525698
0.000482667
0.000435828
0.000385459
0.000331699
0.000274981
0.000215318
0.000153667
8.97356e-05
2.55656e-05
-4.18628e-05
-0.000105728
-0.000172549
-0.000225236
-0.000284124
-0.000306934
-0.000348405
-0.000396376
-0.000422677
-0.00044276
-0.000452119
-0.00045666
-0.000453083
-0.00045545
-0.000442924
-0.000454604
-0.000428388
-0.000462343
-0.000422813
-0.000489267
-0.000434207
-0.000431108
-0.000422273
-0.000386318
-0.000334774
-0.000273905
-0.000204061
-0.000126583
-4.39506e-05
4.13858e-05
0.000127444
0.000212096
0.000292768
0.000367731
0.000436108
0.000497151
0.000550293
0.000595212
0.00063182
0.000660197
0.000680554
0.0006932
0.000698513
0.000696903
0.000688797
0.000674611
0.000654757
0.000629623
0.000599568
0.000564914
0.000525949
0.000482958
0.000436159
0.000385831
0.00033211
0.00027543
0.000215801
0.000154178
9.0266e-05
2.61099e-05
-4.13024e-05
-0.000105149
-0.000171939
-0.000224587
-0.000283438
-0.000306211
-0.000347674
-0.000395665
-0.000421998
-0.000442118
-0.000451519
-0.000456107
-0.000452578
-0.000454996
-0.000442518
-0.000454249
-0.000428078
-0.000462081
-0.000422589
-0.000489087
-0.000420986
-0.000410216
-0.000396971
-0.000361588
-0.000311557
-0.000252761
-0.0001859
-0.000112076
-3.34858e-05
4.74726e-05
0.000128979
0.000209424
0.000286334
0.000357859
0.000423225
0.000481732
0.00053281
0.000576123
0.000611552
0.000639138
0.000659048
0.000671548
0.000676971
0.000675687
0.000668089
0.000654564
0.000635499
0.000611262
0.000582197
0.000548621
0.000510822
0.000469086
0.000423643
0.000374784
0.000322681
0.000267772
0.000210136
0.000150684
8.91855e-05
2.75359e-05
-3.66511e-05
-9.74405e-05
-0.000160128
-0.000210148
-0.000265175
-0.000287448
-0.000327436
-0.000373421
-0.000400445
-0.00042242
-0.00043424
-0.000441409
-0.000439663
-0.000443952
-0.000432386
-0.000445039
-0.000419538
-0.000451601
-0.000410881
-0.000467476
-0.000421143
-0.00041037
-0.000397123
-0.000361742
-0.000311714
-0.000252918
-0.000186058
-0.000112235
-3.36459e-05
4.73108e-05
0.000128821
0.00020927
0.000286178
0.000357706
0.00042308
0.000481598
0.000532689
0.000576018
0.000611464
0.000639068
0.000658999
0.000671521
0.000676967
0.000675708
0.000668136
0.00065464
0.000635605
0.0006114
0.000582368
0.000548828
0.000511066
0.000469367
0.000423963
0.000375141
0.000323075
0.0002682
0.000210595
0.000151169
8.96903e-05
2.80561e-05
-3.61146e-05
-9.68848e-05
-0.000159544
-0.000209529
-0.000264521
-0.00028676
-0.000326741
-0.000372746
-0.000399802
-0.000421814
-0.000433675
-0.00044089
-0.00043919
-0.000443527
-0.000432007
-0.000444709
-0.000419249
-0.000451356
-0.000410671
-0.000467302
-0.000405964
-0.000390482
-0.000373057
-0.000337789
-0.000289282
-0.000232561
-0.000168583
-9.83066e-05
-2.36593e-05
5.31988e-05
0.000130431
0.000206509
0.000279418
0.00034746
0.00040982
0.000465789
0.000514799
0.000556501
0.000590745
0.000617536
0.000637
0.000649361
0.000654909
0.000653978
0.000646923
0.000634106
0.000615887
0.000592616
0.000564622
0.000532218
0.000495687
0.000455316
0.000411348
0.000364082
0.000313721
0.0002607
0.000205155
0.000147945
8.88707e-05
2.97553e-05
-3.11388e-05
-8.8892e-05
-0.000147702
-0.000195155
-0.000246652
-0.000268363
-0.000306959
-0.000350973
-0.000378265
-0.000401607
-0.000415459
-0.000424949
-0.000425009
-0.000430893
-0.00042071
-0.00043314
-0.000410312
-0.000437938
-0.000401004
-0.000446155
-0.000406115
-0.000390631
-0.000373204
-0.000337935
-0.000289431
-0.000232711
-0.000168734
-9.84578e-05
-2.3811e-05
5.30467e-05
0.000130281
0.000206361
0.000279271
0.000347317
0.000409685
0.000465665
0.000514687
0.000556404
0.000590665
0.000617474
0.000636958
0.00064934
0.000654911
0.000654003
0.000646974
0.000634184
0.000615994
0.000592753
0.000564792
0.000532421
0.000495925
0.000455589
0.000411656
0.000364425
0.000314097
0.000261108
0.000205592
0.000148406
8.93517e-05
3.02526e-05
-3.06253e-05
-8.83597e-05
-0.000147144
-0.000194565
-0.00024603
-0.00026771
-0.000306299
-0.000350334
-0.000377657
-0.000401036
-0.000414928
-0.000424462
-0.000424567
-0.000430497
-0.000420357
-0.000432832
-0.000410043
-0.000437709
-0.000400807
-0.00044599
-0.000389306
-0.000371059
-0.000350251
-0.00031487
-0.000267863
-0.000213249
-0.000152089
-8.5265e-05
-1.44553e-05
5.8412e-05
0.000131611
0.000203414
0.000272192
0.000336742
0.000396113
0.000449543
0.000496473
0.000536545
0.000569582
0.000595553
0.000614548
0.000626751
0.000632412
0.000631826
0.000625318
0.000613221
0.00059587
0.000573596
0.000546716
0.000515532
0.000480328
0.000441388
0.000398969
0.000353373
0.00030483
0.00025377
0.000200376
0.000145446
8.88328e-05
3.22783e-05
-2.53663e-05
-8.01484e-05
-0.000135322
-0.000180312
-0.000228567
-0.000249696
-0.000286953
-0.000329029
-0.000356224
-0.000380459
-0.000395931
-0.000407373
-0.000409223
-0.000416314
-0.000407974
-0.000419307
-0.00039996
-0.000422241
-0.000391015
-0.000426367
-0.00038945
-0.000371202
-0.000350391
-0.00031501
-0.000268005
-0.000213391
-0.000152232
-8.54082e-05
-1.45983e-05
5.82697e-05
0.000131469
0.000203272
0.000272054
0.000336608
0.000395987
0.000449428
0.00049637
0.000536457
0.000569509
0.000595498
0.000614513
0.000626736
0.000632418
0.000631856
0.000625372
0.000613301
0.000595978
0.000573733
0.000546883
0.000515731
0.000480559
0.000441653
0.000399266
0.000353702
0.000305191
0.00025416
0.000200792
0.000145885
8.92916e-05
3.27538e-05
-2.48751e-05
-7.96392e-05
-0.000134789
-0.000179751
-0.000227977
-0.000249077
-0.000286329
-0.000328426
-0.000355652
-0.000379923
-0.000395434
-0.000406918
-0.000408811
-0.000415944
-0.000407647
-0.00041902
-0.00039971
-0.000422027
-0.00039083
-0.00042621
-0.00037151
-0.000351622
-0.00032837
-0.000292854
-0.000247294
-0.000194805
-0.000136409
-7.29356e-05
-5.85582e-06
6.31301e-05
0.000132382
0.000199973
0.000264661
0.000325754
0.000382163
0.000433064
0.000477908
0.000516335
0.000548143
0.00057327
0.000591772
0.000603795
0.000609551
0.000609303
0.000603341
0.000591971
0.000575506
0.000554256
0.000528525
0.000498607
0.000464783
0.000427336
0.000386531
0.000342674
0.00029602
0.000246986
0.000195798
0.000143191
8.909e-05
3.51261e-05
-1.93702e-05
-7.1266e-05
-0.000123032
-0.000165667
-0.000210931
-0.000231461
-0.000267407
-0.000307585
-0.000334403
-0.000359105
-0.000375822
-0.000388808
-0.000392425
-0.000400309
-0.000394125
-0.00040395
-0.000388212
-0.000405321
-0.000379447
-0.000407881
-0.000371646
-0.000351757
-0.000328503
-0.000292986
-0.000247428
-0.00019494
-0.000136544
-7.30705e-05
-5.98998e-06
6.29978e-05
0.000132248
0.000199837
0.00026453
0.000325629
0.000382047
0.000432957
0.000477814
0.000516255
0.000548078
0.000573223
0.000591743
0.000603785
0.000609563
0.000609337
0.000603398
0.000592054
0.000575615
0.000554392
0.00052869
0.000498802
0.000465008
0.000427592
0.000386818
0.000342991
0.000296366
0.000247358
0.000196195
0.00014361
8.9528e-05
3.55808e-05
-1.89007e-05
-7.07796e-05
-0.000122523
-0.000165133
-0.000210371
-0.000230877
-0.000266818
-0.000307016
-0.000333865
-0.000358602
-0.000375357
-0.000388382
-0.000392041
-0.000399965
-0.00039382
-0.000403684
-0.000387981
-0.000405122
-0.000379275
-0.000407733
-0.000352978
-0.000332068
-0.000307203
-0.000271674
-0.000227525
-0.00017717
-0.000121502
-6.12896e-05
2.17353e-06
6.74061e-05
0.000132658
0.000196046
0.000256838
0.000314557
0.000368036
0.000416422
0.000459182
0.000495953
0.000526512
0.000550771
0.000568754
0.000580572
0.000586406
0.000586483
0.000581062
0.000570423
0.000554856
0.000534652
0.000510101
0.00048149
0.000449093
0.000413194
0.000374063
0.000332008
0.000287303
0.000240351
0.000191419
0.000141179
8.9645e-05
3.82927e-05
-1.31873e-05
-6.2296e-05
-0.000110869
-0.000151258
-0.000193748
-0.000213671
-0.000248314
-0.000286631
-0.000312867
-0.00033766
-0.000355291
-0.000369404
-0.000374712
-0.000383052
-0.000379097
-0.000387371
-0.000374953
-0.000387695
-0.000365824
-0.000389795
-0.000353104
-0.000332195
-0.000307329
-0.000271799
-0.000227651
-0.000177298
-0.000121629
-6.14161e-05
2.04826e-06
6.72835e-05
0.000132531
0.000195915
0.000256715
0.000314441
0.000367928
0.000416324
0.000459097
0.000495881
0.000526455
0.00055073
0.000568731
0.000580568
0.000586423
0.000586521
0.000581123
0.000570508
0.000554965
0.000534788
0.000510265
0.000481681
0.000449313
0.000413442
0.00037434
0.000332312
0.000287634
0.000240707
0.000191798
0.000141578
9.00635e-05
3.87276e-05
-1.27389e-05
-6.1832e-05
-0.000110386
-0.000150752
-0.000193218
-0.000213119
-0.00024776
-0.000286098
-0.000312363
-0.00033719
-0.000354857
-0.000369008
-0.000374355
-0.000382733
-0.000378814
-0.000387124
-0.000374738
-0.000387511
-0.000365664
-0.000389658
-0.000333957
-0.000312373
-0.00028656
-0.00025124
-0.000208513
-0.000160303
-0.000107336
-5.03102e-05
9.65987e-06
7.12133e-05
0.000132333
0.00019157
0.00024875
0.000303209
0.000353796
0.000399691
0.000440374
0.00047548
0.000504772
0.000528138
0.000545576
0.000557167
0.000563057
0.000563442
0.000558554
0.000548646
0.000533985
0.000514845
0.000491501
0.00046423
0.000433302
0.000398999
0.000361594
0.000321395
0.000278691
0.000233872
0.000187239
0.000139401
9.0485e-05
4.17524e-05
-6.85672e-06
-5.32865e-05
-9.88686e-05
-0.00013712
-0.000177023
-0.000196335
-0.000229674
-0.000266162
-0.000291668
-0.000316234
-0.000334481
-0.000349334
-0.000356171
-0.000364752
-0.000362888
-0.0003698
-0.000360171
-0.000369567
-0.000350348
-0.000371399
-0.000334073
-0.00031249
-0.000286677
-0.000251358
-0.000208631
-0.000160422
-0.000107456
-5.04281e-05
9.54377e-06
7.10974e-05
0.000132211
0.000191446
0.000248635
0.000303101
0.000353697
0.000399602
0.000440297
0.000475416
0.000504722
0.000528104
0.000545559
0.000557168
0.000563078
0.000563484
0.000558618
0.000548733
0.000534095
0.00051498
0.000491662
0.000464417
0.000433517
0.00039924
0.000361861
0.000321688
0.000279009
0.000234213
0.000187601
0.000139783
9.08852e-05
4.21681e-05
-6.42892e-06
-5.28445e-05
-9.84089e-05
-0.000136641
-0.000176523
-0.000195816
-0.000229154
-0.000265662
-0.000291197
-0.000315795
-0.000334077
-0.000348966
-0.000355839
-0.000364456
-0.000362626
-0.000369571
-0.000359973
-0.000369397
-0.000350201
-0.000371273
-0.00031461
-0.000292592
-0.000266336
-0.000231489
-0.000190239
-0.000144188
-9.39034e-05
-3.99964e-05
1.66006e-05
7.43495e-05
0.000131277
0.000186669
0.00024047
0.000291767
0.000339508
0.000382941
0.000421559
0.000454995
0.000483003
0.000505455
0.000522323
0.00053366
0.000539584
0.00054026
0.000535893
0.000526712
0.000512961
0.000494896
0.00047278
0.000446877
0.000417455
0.000384788
0.000349153
0.000310856
0.000270196
0.000227552
0.000183251
0.000137846
9.15804e-05
4.54605e-05
-4.23436e-07
-4.42847e-05
-8.70596e-05
-0.000123279
-0.000160761
-0.000179464
-0.000211491
-0.000246172
-0.000270847
-0.000294926
-0.000313519
-0.00032878
-0.000336913
-0.000345611
-0.000345565
-0.000351406
-0.000343992
-0.000350943
-0.00033346
-0.000352291
-0.000314715
-0.000292698
-0.000266444
-0.000231598
-0.000190349
-0.000144299
-9.40144e-05
-4.01054e-05
1.64938e-05
7.42365e-05
0.000131157
0.000186554
0.000240364
0.000291668
0.000339417
0.00038286
0.000421489
0.000454938
0.000482961
0.000505428
0.000522313
0.000533667
0.000539609
0.000540306
0.00053596
0.0005268
0.000513071
0.000495031
0.000472939
0.000447061
0.000417664
0.000385021
0.000349411
0.000311137
0.000270501
0.000227878
0.000183597
0.000138211
9.19631e-05
4.58577e-05
-1.58696e-08
-4.38644e-05
-8.66236e-05
-0.000122825
-0.00016029
-0.000178977
-0.000211004
-0.000245704
-0.000270407
-0.000294517
-0.000313144
-0.000328438
-0.000336605
-0.000345337
-0.000345323
-0.000351195
-0.000343809
-0.000350787
-0.000333326
-0.000352176
-0.000295054
-0.00027281
-0.00024649
-0.00021237
-0.000172682
-0.000128813
-8.12087e-05
-3.03604e-05
2.28488e-05
7.66177e-05
0.000129557
0.000181518
0.000232077
0.000280285
0.000325234
0.00036624
0.000402808
0.000434573
0.000461286
0.000482804
0.000499079
0.000510137
0.00051607
0.000517017
0.000513157
0.000504694
0.000491852
0.000474871
0.000453998
0.000429486
0.000401597
0.000370599
0.00033677
0.00030041
0.00026183
0.000221392
0.000179447
0.000136494
9.28867e-05
4.93538e-05
6.05736e-06
-3.53412e-05
-7.54727e-05
-0.000109758
-0.000144962
-0.000163065
-0.000193773
-0.000226664
-0.000250434
-0.000273827
-0.000292517
-0.000307917
-0.000317074
-0.000325815
-0.000327256
-0.00033232
-0.000326602
-0.000331807
-0.000315579
-0.000332361
-0.000295148
-0.000272907
-0.000246589
-0.000212471
-0.000172785
-0.000128916
-8.1312e-05
-3.04605e-05
2.27477e-05
7.65064e-05
0.000129443
0.000181411
0.000231979
0.000280195
0.000325152
0.000366167
0.000402746
0.000434524
0.00046125
0.000482783
0.000499073
0.000510149
0.000516099
0.000517066
0.000513225
0.000504783
0.000491964
0.000475005
0.000454154
0.000429666
0.0004018
0.000370825
0.000337019
0.000300682
0.000262122
0.000221704
0.000179778
0.000136842
9.32526e-05
4.97328e-05
6.44501e-06
-3.49422e-05
-7.50598e-05
-0.00010933
-0.000144519
-0.00016261
-0.000193318
-0.000226227
-0.000250025
-0.000273447
-0.000292168
-0.0003076
-0.00031679
-0.000325561
-0.000327033
-0.000332125
-0.000326433
-0.000331663
-0.000315456
-0.000332257
-0.000275355
-0.000253093
-0.000227006
-0.000193854
-0.000155835
-0.000114189
-6.92832e-05
-2.14414e-05
2.82127e-05
7.80358e-05
0.000127438
0.000176199
0.000223606
0.000268807
0.000311031
0.000349651
0.00038419
0.000414289
0.000439699
0.000460267
0.000475925
0.00048668
0.000492598
0.000493795
0.000490425
0.00048267
0.000470734
0.000454839
0.000435217
0.000412112
0.000385776
0.000356471
0.000324474
0.00029008
0.000253602
0.000215391
0.000175812
0.000135316
9.43485e-05
5.33546e-05
1.25215e-05
-2.6514e-05
-6.41436e-05
-9.65832e-05
-0.000129635
-0.000147146
-0.000176529
-0.000207646
-0.000230457
-0.000253018
-0.000271577
-0.000286903
-0.000296802
-0.000305529
-0.00030813
-0.000312653
-0.000308216
-0.00031215
-0.000297009
-0.000311735
-0.000275439
-0.000253179
-0.000227096
-0.000193947
-0.00015593
-0.000114285
-6.93797e-05
-2.1537e-05
2.81125e-05
7.79289e-05
0.000127334
0.000176102
0.000223516
0.000268725
0.000310957
0.000349587
0.000384136
0.000414247
0.00043967
0.000460252
0.000475925
0.000486697
0.000492632
0.000493847
0.000490496
0.00048276
0.000470845
0.000454971
0.000435371
0.000412288
0.000385973
0.00035669
0.000324715
0.000290341
0.000253882
0.000215689
0.000176129
0.000135649
9.46981e-05
5.37157e-05
1.28895e-05
-2.61361e-05
-6.37532e-05
-9.61796e-05
-0.000129219
-0.00014672
-0.000176103
-0.000207239
-0.000230076
-0.000252665
-0.000271254
-0.00028661
-0.000296539
-0.000305294
-0.000307924
-0.000312473
-0.000308061
-0.000312018
-0.000296897
-0.000311642
-0.000255574
-0.000233514
-0.00020791
-0.000175938
-0.000139702
-0.00010034
-5.81594e-05
-1.34064e-05
3.2672e-05
7.8898e-05
0.000125109
0.00017076
0.000215092
0.000257379
0.000296951
0.000333233
0.000365769
0.000394214
0.000418319
0.000437924
0.000452947
0.000463377
0.000469257
0.000470682
0.000467783
0.000460722
0.000449683
0.000434871
0.000416505
0.000394814
0.000370043
0.000342448
0.0003123
0.000279888
0.000245523
0.000209546
0.00017233
0.000134277
9.59029e-05
5.738e-05
1.89006e-05
-1.78639e-05
-5.31173e-05
-8.37828e-05
-0.000114789
-0.000131718
-0.000159766
-0.000189133
-0.000210941
-0.000232567
-0.000250793
-0.000265877
-0.000276245
-0.00028491
-0.000288373
-0.000292521
-0.000289062
-0.00029201
-0.000277936
-0.00029061
-0.000255649
-0.000233591
-0.000207992
-0.000176023
-0.000139789
-0.000100429
-5.825e-05
-1.35007e-05
3.25732e-05
7.87996e-05
0.000125015
0.000170672
0.000215011
0.000257304
0.000296885
0.000333176
0.000365723
0.000394179
0.000418297
0.000437916
0.000452953
0.000463398
0.000469295
0.000470737
0.000467856
0.000460813
0.000449794
0.000435002
0.000416656
0.000394986
0.000370235
0.00034266
0.000312532
0.000280139
0.000245792
0.000209833
0.000172633
0.000134595
9.62367e-05
5.77235e-05
1.92491e-05
-1.75065e-05
-5.27488e-05
-8.3403e-05
-0.000114399
-0.000131321
-0.000159369
-0.000188754
-0.000210588
-0.00023224
-0.000250494
-0.000265605
-0.000276001
-0.000284694
-0.000288183
-0.000292355
-0.000288919
-0.000291889
-0.000277835
-0.000290526
-0.000235783
-0.000214156
-0.000189253
-0.000158638
-0.000124294
-8.7276e-05
-4.78318e-05
-6.29699e-06
3.63856e-05
7.94661e-05
0.000122625
0.000165222
0.000206573
0.000246046
0.000283044
0.000317042
0.000347611
0.00037442
0.000397225
0.00041586
0.000430234
0.000440317
0.000446138
0.000447769
0.000445321
0.000438937
0.000428783
0.000415046
0.000397931
0.000377656
0.000354454
0.000328575
0.00030028
0.000269855
0.000237602
0.000203855
0.000168975
0.000133332
9.74833e-05
6.13498e-05
2.51245e-05
-9.44967e-06
-4.24444e-05
-7.13969e-05
-0.000100447
-0.000116801
-0.000143499
-0.00017114
-0.000191916
-0.000212537
-0.000230258
-0.000244963
-0.000255554
-0.000264106
-0.000268174
-0.000272045
-0.000269357
-0.000271482
-0.0002585
-0.000269196
-0.000235849
-0.000214226
-0.000189327
-0.000158716
-0.000124374
-8.73595e-05
-4.79169e-05
-6.38774e-06
3.62909e-05
7.93759e-05
0.00012254
0.000165143
0.0002065
0.000245979
0.000282986
0.000316993
0.000347572
0.000374393
0.000397209
0.000415857
0.000430245
0.000440343
0.000446179
0.000447827
0.000445396
0.000439029
0.000428893
0.000415175
0.000398079
0.000377823
0.000354641
0.00032878
0.000300504
0.000270096
0.00023786
0.00020413
0.000169264
0.000133636
9.78011e-05
6.16754e-05
2.54535e-05
-9.11232e-06
-4.2097e-05
-7.10398e-05
-0.000100081
-0.00011643
-0.000143129
-0.000170788
-0.000191587
-0.000212234
-0.00022998
-0.000244711
-0.000255328
-0.000263906
-0.000267997
-0.000271892
-0.000269226
-0.000271371
-0.000258408
-0.00026912
-0.000216063
-0.0001951
-0.000171087
-0.000141972
-0.000109607
-7.49676e-05
-3.82842e-05
8.77547e-08
3.96205e-05
7.978e-05
0.000119978
0.000159609
0.000198087
0.00023485
0.000269359
0.000301135
0.00032978
0.000354979
0.000376494
0.000394159
0.000407872
0.000417593
0.000423334
0.00042515
0.000423132
0.000417405
0.000408118
0.000395443
0.000379569
0.000360702
0.000339065
0.000314896
0.000288451
0.000260003
0.000229847
0.000198308
0.000165715
0.000132451
9.90232e-05
6.51685e-05
3.11154e-05
-1.33196e-06
-3.21746e-05
-5.94698e-05
-8.66424e-05
-0.000102422
-0.000127753
-0.00015369
-0.00017341
-0.000192984
-0.00021006
-0.000224275
-0.000234877
-0.000243256
-0.000247715
-0.000251358
-0.000249299
-0.000250706
-0.000238836
-0.000247691
-0.000216123
-0.000195162
-0.000171154
-0.000142044
-0.000109683
-7.50465e-05
-3.83658e-05
1.82198e-09
3.95336e-05
7.96983e-05
0.000119902
0.000159537
0.000198022
0.000234791
0.000269308
0.000301093
0.000329748
0.000354958
0.000376484
0.000394161
0.000407888
0.000417623
0.000423379
0.00042521
0.000423208
0.000417498
0.000408228
0.00039557
0.000379714
0.000360865
0.000339246
0.000315094
0.000288667
0.000260236
0.000230095
0.000198571
0.000165991
0.000132743
9.93246e-05
6.54736e-05
3.14244e-05
-1.01435e-06
-3.18477e-05
-5.91345e-05
-8.62996e-05
-0.000102077
-0.000127409
-0.000153363
-0.000173105
-0.000192702
-0.000209803
-0.000224042
-0.000234668
-0.000243071
-0.000247552
-0.000251216
-0.000249178
-0.000250603
-0.000238751
-0.000247622
-0.000196511
-0.000176418
-0.000153459
-0.00012595
-9.56097e-05
-6.33396e-05
-2.93908e-05
5.94863e-06
4.25039e-05
7.98419e-05
0.000117183
0.00015396
0.000189677
0.000223834
0.000255943
0.000285567
0.000312339
0.000335962
0.000356205
0.000372904
0.000385952
0.000395298
0.00040094
0.000402919
0.000401309
0.000396216
0.000387776
0.000376143
0.000361492
0.000344018
0.00032393
0.000301457
0.000276843
0.00025035
0.000222261
0.000192885
0.000162533
0.000131655
0.000100468
6.86898e-05
3.67792e-05
6.42533e-06
-2.23562e-05
-4.80444e-05
-7.34142e-05
-8.86211e-05
-0.000112567
-0.00013682
-0.000155464
-0.00017396
-0.000190284
-0.00020392
-0.000214357
-0.000222499
-0.000227175
-0.000230603
-0.000229065
-0.00022984
-0.000219082
-0.000226261
-0.000196566
-0.000176475
-0.000153522
-0.000126017
-9.56808e-05
-6.34145e-05
-2.94701e-05
5.86802e-06
4.24267e-05
7.97692e-05
0.000117115
0.000153896
0.00018962
0.000223783
0.0002559
0.000285533
0.000312314
0.000335947
0.000356201
0.000372911
0.000385972
0.000395331
0.000400988
0.000402981
0.000401386
0.000396309
0.000387885
0.000376268
0.000361634
0.000344176
0.000324105
0.000301648
0.00027705
0.000250573
0.000222498
0.000193136
0.000162797
0.000131938
0.000100754
6.89706e-05
3.70672e-05
6.72368e-06
-2.2049e-05
-4.77297e-05
-7.30933e-05
-8.82989e-05
-0.000112247
-0.000136516
-0.000155181
-0.000173699
-0.000190044
-0.000203703
-0.000214163
-0.000222327
-0.000227024
-0.000230471
-0.000228953
-0.000229745
-0.000219004
-0.000226197
-0.000177233
-0.000158179
-0.000136404
-0.000110562
-8.2252e-05
-5.23023e-05
-2.09517e-05
1.14784e-05
4.50745e-05
7.96415e-05
0.00011426
0.000148318
0.000181391
0.000213046
0.000242848
0.000270397
0.000295353
0.000317439
0.000336436
0.000352179
0.00036456
0.000373521
0.000379049
0.000381168
0.000379941
0.000375459
0.000367838
0.000357222
0.00034377
0.000327662
0.000309098
0.000288292
0.000265476
0.0002409
0.000214836
0.000187581
0.000159478
0.000130938
0.00010172
7.17706e-05
4.20383e-05
1.37641e-05
-1.30367e-05
-3.71616e-05
-6.08007e-05
-7.54319e-05
-9.79838e-05
-0.000120577
-0.000138127
-0.000155523
-0.00017101
-0.000183995
-0.000194127
-0.000201969
-0.00020672
-0.00020993
-0.00020882
-0.000209045
-0.000199374
-0.000205048
-0.000177284
-0.000158233
-0.000136463
-0.000110625
-8.23191e-05
-5.23728e-05
-2.10257e-05
1.14045e-05
4.50053e-05
7.95772e-05
0.0001142
0.000148263
0.000181341
0.000213003
0.000242812
0.000270369
0.000295335
0.00031743
0.000336437
0.000352191
0.000364584
0.000373558
0.000379098
0.000381232
0.000380019
0.000375551
0.000367946
0.000357346
0.000343909
0.000327817
0.000309267
0.000288476
0.000265675
0.000241114
0.000215063
0.00018782
0.000159733
0.000131207
0.000101986
7.20288e-05
4.23074e-05
1.40443e-05
-1.27482e-05
-3.68665e-05
-6.05003e-05
-7.51316e-05
-9.76859e-05
-0.000120293
-0.000137863
-0.00015528
-0.000170787
-0.000183793
-0.000193946
-0.000201809
-0.000206579
-0.000209807
-0.000208715
-0.000208956
-0.000199301
-0.000204988
-0.000158337
-0.00014044
-0.000119937
-9.57914e-05
-6.94921e-05
-4.17853e-05
-1.28835e-05
1.68528e-05
4.75134e-05
7.92234e-05
0.00011122
0.000142717
0.000173277
0.00020254
0.000230128
0.000255682
0.000278885
0.000299481
0.000317259
0.000332062
0.00034378
0.000352348
0.000357745
0.000359985
0.000359115
0.000355212
0.000348381
0.000338749
0.000326461
0.000311683
0.000294604
0.000275423
0.000254363
0.000231661
0.000207589
0.000182469
0.000156637
0.000130084
0.000102509
7.44095e-05
4.68817e-05
2.06423e-05
-4.25857e-06
-2.68595e-05
-4.88372e-05
-6.28857e-05
-8.4042e-05
-0.000105005
-0.000121453
-0.000137736
-0.000152321
-0.000164596
-0.00017431
-0.000181795
-0.000186505
-0.000189489
-0.000188721
-0.000188479
-0.00017985
-0.000184184
-0.000158387
-0.000140492
-0.000119993
-9.58514e-05
-6.95551e-05
-4.18506e-05
-1.29505e-05
1.67858e-05
4.74507e-05
7.9167e-05
0.000111169
0.00014267
0.000173235
0.000202504
0.0002301
0.000255661
0.000278873
0.000299477
0.000317265
0.000332079
0.000343808
0.000352388
0.000357797
0.00036005
0.000359193
0.000355304
0.000348487
0.00033887
0.000326597
0.000311833
0.000294767
0.000275601
0.000254554
0.000231866
0.000207805
0.0001827
0.000156885
0.000130328
0.000102742
7.46479e-05
4.71339e-05
2.09053e-05
-3.98774e-06
-2.65827e-05
-4.8556e-05
-6.26055e-05
-8.37643e-05
-0.000104741
-0.000121208
-0.000137509
-0.000152113
-0.000164408
-0.00017414
-0.000181645
-0.000186373
-0.000189374
-0.000188623
-0.000188395
-0.00017978
-0.000184126
-0.000139919
-0.000123245
-0.000104067
-8.16247e-05
-5.72976e-05
-3.1743e-05
-5.15181e-06
2.21714e-05
5.00662e-05
7.87939e-05
0.00010811
0.000137168
0.000165372
0.000192368
0.000217843
0.000241481
0.000262997
0.000282151
0.000298746
0.000312627
0.000323686
0.000331855
0.000337106
0.000339443
0.000338901
0.000335544
0.000329464
0.000320776
0.00030961
0.000296116
0.000280474
0.000262873
0.000243532
0.000222679
0.000200619
0.000177643
0.00015375
0.000128676
0.00010271
7.66866e-05
5.13111e-05
2.70247e-05
3.94248e-06
-1.71713e-05
-3.75553e-05
-5.10096e-05
-7.0775e-05
-9.01462e-05
-0.000105494
-0.000120658
-0.000134298
-0.000145815
-0.000155021
-0.000162098
-0.000166672
-0.000169422
-0.000168913
-0.000168283
-0.000160632
-0.000163781
-0.000139969
-0.000123296
-0.000104121
-8.16813e-05
-5.7356e-05
-3.18025e-05
-5.21138e-06
2.21124e-05
5.00103e-05
7.87448e-05
0.000108067
0.00013713
0.000165338
0.00019234
0.000217821
0.000241466
0.00026299
0.000282153
0.000298757
0.000312648
0.000323717
0.000331897
0.00033716
0.000339508
0.000338979
0.000335635
0.000329569
0.000320894
0.000309741
0.00029626
0.000280631
0.000263044
0.000243716
0.000222879
0.000200829
0.000177866
0.000153977
0.000128886
0.000102915
7.69086e-05
5.15481e-05
2.72718e-05
4.19682e-06
-1.69115e-05
-3.72919e-05
-5.07478e-05
-7.05158e-05
-8.98992e-05
-0.000105264
-0.000120446
-0.000134102
-0.000145637
-0.000154862
-0.000161956
-0.000166547
-0.000169313
-0.000168819
-0.000168203
-0.000160565
-0.000163724
-0.000122053
-0.000106633
-8.88041e-05
-6.80532e-05
-4.5644e-05
-2.21475e-05
2.26984e-06
2.73754e-05
5.28633e-05
7.87461e-05
0.00010517
0.000131721
0.000157686
0.000182568
0.000206043
0.000227853
0.00024775
0.000265515
0.000280961
0.000293939
0.000304345
0.00031211
0.000317199
0.000319608
0.000319361
0.000316512
0.00031114
0.00030335
0.000293256
0.000281
0.000266758
0.000250706
0.000233084
0.00021409
0.000193996
0.000172768
0.000150199
0.000126575
0.000102521
7.86346e-05
5.5306e-05
3.28835e-05
1.15412e-05
-8.12202e-06
-2.69793e-05
-3.98244e-05
-5.82106e-05
-7.60347e-05
-9.02898e-05
-0.000104341
-0.000117009
-0.000127734
-0.000136367
-0.00014299
-0.000147348
-0.000149855
-0.000149523
-0.000148581
-0.000141828
-0.000143932
-0.000122103
-0.000106683
-8.88559e-05
-6.81063e-05
-4.56977e-05
-2.22008e-05
2.21789e-06
2.73255e-05
5.28163e-05
7.87043e-05
0.000105134
0.000131691
0.00015766
0.000182547
0.000206028
0.000227845
0.000247749
0.000265521
0.000280975
0.000293963
0.000304379
0.000312154
0.000317253
0.000319673
0.000319438
0.000316601
0.000311243
0.000303464
0.000293383
0.00028114
0.00026691
0.000250871
0.000233266
0.000214291
0.000194203
0.000172965
0.000150386
0.000126758
0.000102716
7.88459e-05
5.55298e-05
3.31162e-05
1.17806e-05
-7.87778e-06
-2.67323e-05
-3.95792e-05
-5.79682e-05
-7.58035e-05
-9.00745e-05
-0.000104141
-0.000116825
-0.000127566
-0.000136216
-0.000142855
-0.000147228
-0.00014975
-0.000149432
-0.000148503
-0.000141762
-0.000143874
-0.000104808
-9.06406e-05
-7.41622e-05
-5.50715e-05
-3.45143e-05
-1.29812e-05
9.38274e-06
3.23849e-05
5.57581e-05
7.92638e-05
0.000102911
0.000126711
0.000150321
0.000173163
0.000194763
0.000214851
0.000233204
0.000249634
0.000263968
0.000276064
0.000285824
0.000293178
0.000298089
0.000300543
0.000300558
0.000298178
0.000293475
0.00028654
0.000277477
0.000266425
0.000253581
0.000239072
0.000223132
0.000205873
0.000187195
0.000167124
0.00014592
0.000124119
0.000102121
8.02649e-05
5.88552e-05
3.82083e-05
1.85274e-05
2.75498e-07
-1.71224e-05
-2.93429e-05
-4.63703e-05
-6.27012e-05
-7.58795e-05
-8.88302e-05
-0.000100516
-0.000110427
-0.000118439
-0.000124573
-0.00012865
-0.000130904
-0.000130675
-0.000129484
-0.000123539
-0.000124722
-0.000104858
-9.06897e-05
-7.42116e-05
-5.51211e-05
-3.45632e-05
-1.30285e-05
9.33796e-06
3.23435e-05
5.57206e-05
7.92312e-05
0.000102885
0.00012669
0.000150304
0.000173149
0.000194754
0.000214848
0.000233207
0.000249644
0.000263986
0.000276091
0.00028586
0.000293224
0.000298144
0.000300609
0.000300635
0.000298267
0.000293576
0.000286653
0.000277602
0.000266564
0.000253731
0.00023923
0.00022331
0.000206058
0.000187373
0.000167291
0.000146085
0.000124295
0.00010231
8.0467e-05
5.90673e-05
3.84282e-05
1.87532e-05
5.05573e-07
-1.68902e-05
-2.91128e-05
-4.6143e-05
-6.24843e-05
-7.56769e-05
-8.86417e-05
-0.000100342
-0.000110268
-0.000118295
-0.000124443
-0.000128536
-0.000130803
-0.000130586
-0.000129407
-0.000123473
-0.000124665
-8.82506e-05
-7.53069e-05
-6.01565e-05
-4.26777e-05
-2.38963e-05
-4.23039e-06
1.61918e-05
3.7202e-05
5.85721e-05
8.00662e-05
0.000101479
0.000122739
0.000143783
0.000164363
0.00018409
0.000202531
0.000219418
0.000234587
0.000247853
0.00025909
0.000268212
0.000275153
0.000279868
0.000282343
0.000282589
0.000280645
0.000276585
0.000270494
0.000262437
0.000252539
0.000241053
0.000228008
0.000213339
0.000197209
0.000179629
0.000160911
0.000141485
0.000121615
0.000101554
8.15766e-05
6.19658e-05
4.30065e-05
2.4906e-05
8.02149e-06
-7.98813e-06
-1.9574e-05
-3.52744e-05
-5.01765e-05
-6.23027e-05
-7.41728e-05
-8.48789e-05
-9.39662e-05
-0.000101327
-0.000106945
-0.000110693
-0.000112683
-0.000112489
-0.000111103
-0.000105868
-0.000106244
-8.83004e-05
-7.53544e-05
-6.02033e-05
-4.27237e-05
-2.39408e-05
-4.27255e-06
1.61529e-05
3.71671e-05
5.85418e-05
8.00415e-05
0.000101462
0.000122729
0.000143779
0.00016436
0.000184088
0.000202535
0.000219426
0.000234599
0.000247875
0.000259121
0.000268251
0.0002752
0.000279925
0.00028241
0.000282666
0.000280735
0.000276688
0.000270609
0.00026256
0.00025268
0.000241203
0.000228157
0.00021349
0.000197353
0.000179775
0.000161069
0.00014165
0.000121789
0.000101738
8.17702e-05
6.21676e-05
4.3215e-05
2.51197e-05
8.23873e-06
-7.76936e-06
-1.93573e-05
-3.50608e-05
-4.99724e-05
-6.21115e-05
-7.39943e-05
-8.47135e-05
-9.38142e-05
-0.000101189
-0.00010682
-0.000110581
-0.000112584
-0.000112402
-0.000111027
-0.000105803
-0.000106187
-7.2446e-05
-6.06716e-05
-4.68069e-05
-3.0875e-05
-1.37825e-05
4.11704e-06
2.27087e-05
4.18402e-05
6.13119e-05
8.09163e-05
0.000100449
0.000119723
0.000138556
0.000156858
0.000174483
0.000191126
0.000206556
0.000220517
0.000232753
0.000243152
0.000251648
0.000258178
0.000262693
0.000265173
0.000265622
0.000264077
0.000260621
0.000255348
0.000248255
0.000239383
0.000228847
0.000216746
0.000203053
0.000187992
0.000171866
0.000154847
0.000137189
0.000119103
0.000100817
8.25849e-05
6.46621e-05
4.72986e-05
3.0692e-05
1.51204e-05
4.18876e-07
-1.05333e-05
-2.495e-05
-3.84948e-05
-4.96013e-05
-6.04181e-05
-7.0158e-05
-7.84219e-05
-8.51141e-05
-9.01992e-05
-9.3581e-05
-9.52986e-05
-9.50831e-05
-9.3544e-05
-8.89191e-05
-8.85866e-05
-7.24946e-05
-6.07173e-05
-4.68511e-05
-3.09179e-05
-1.38236e-05
4.07858e-06
2.26735e-05
4.18091e-05
6.12855e-05
8.08956e-05
0.000100435
0.00011972
0.000138562
0.00015687
0.000174499
0.000191143
0.00020657
0.000220533
0.00023278
0.000243188
0.000251691
0.000258228
0.000262752
0.000265241
0.0002657
0.000264167
0.000260729
0.000255466
0.000248375
0.000239507
0.000228977
0.000216881
0.000203184
0.000188122
0.000172007
0.000155001
0.000137352
0.000119273
0.000100995
8.27706e-05
6.48547e-05
4.74969e-05
3.08947e-05
1.53259e-05
6.25418e-07
-1.03289e-05
-2.47487e-05
-3.83022e-05
-4.94202e-05
-6.02483e-05
-6.99998e-05
-7.82757e-05
-8.49801e-05
-9.00774e-05
-9.34711e-05
-9.52003e-05
-9.49961e-05
-9.34681e-05
-8.88542e-05
-8.85308e-05
-5.74513e-05
-4.67732e-05
-3.41361e-05
-1.96723e-05
-4.17165e-06
1.20686e-05
2.89435e-05
4.63132e-05
6.39992e-05
8.18172e-05
9.95844e-05
0.000117118
0.000134231
0.000150732
0.00016647
0.000181345
0.000195188
0.00020777
0.000218907
0.000228463
0.00023634
0.00024246
0.000246769
0.000249236
0.000249855
0.000248646
0.000245645
0.000240887
0.000234433
0.000226333
0.000216553
0.000205294
0.000192794
0.000179138
0.000164511
0.000149076
0.000133029
0.000116575
9.99314e-05
8.33231e-05
6.69751e-05
5.11058e-05
3.58964e-05
2.15678e-05
8.0855e-06
-2.2358e-06
-1.54096e-05
-2.76709e-05
-3.77991e-05
-4.7601e-05
-5.64011e-05
-6.3854e-05
-6.98735e-05
-7.44158e-05
-7.7405e-05
-7.88396e-05
-7.85533e-05
-7.68971e-05
-7.27786e-05
-7.18289e-05
-5.74989e-05
-4.68173e-05
-3.41786e-05
-1.97133e-05
-4.21077e-06
1.20319e-05
2.89099e-05
4.62831e-05
6.39733e-05
8.17963e-05
9.95698e-05
0.000117112
0.000134234
0.000150748
0.000166494
0.000181372
0.000195219
0.000207804
0.000218946
0.000228507
0.000236389
0.000242516
0.000246831
0.000249306
0.000249933
0.000248733
0.00024574
0.00024099
0.000234542
0.00022644
0.000216665
0.000205421
0.000192927
0.000179273
0.000164655
0.000149228
0.000133188
0.000116741
0.000100103
8.35016e-05
6.71594e-05
5.12949e-05
3.60891e-05
2.17627e-05
8.28096e-06
-2.04239e-06
-1.52194e-05
-2.74885e-05
-3.76267e-05
-4.74385e-05
-5.62489e-05
-6.37123e-05
-6.97426e-05
-7.42959e-05
-7.72959e-05
-7.87412e-05
-7.84656e-05
-7.68203e-05
-7.27131e-05
-7.17735e-05
-4.33123e-05
-3.36459e-05
-2.21671e-05
-9.08179e-06
4.9319e-06
1.9625e-05
3.48998e-05
5.06268e-05
6.66455e-05
8.27902e-05
9.88955e-05
0.000114796
0.000130322
0.000145304
0.000159589
0.000173033
0.000185433
0.000196671
0.000206697
0.000215371
0.00022256
0.000228177
0.000232165
0.000234491
0.000235141
0.000234115
0.000231396
0.000226978
0.000220994
0.000213581
0.000204741
0.00019457
0.000183242
0.00017087
0.000157598
0.000143585
0.00012901
0.00011406
9.89328e-05
8.38234e-05
6.89265e-05
5.44368e-05
4.05255e-05
2.73769e-05
1.50397e-05
5.34912e-06
-6.63271e-06
-1.76942e-05
-2.68962e-05
-3.57343e-05
-4.36351e-05
-5.03029e-05
-5.56604e-05
-5.96622e-05
-6.22465e-05
-6.33925e-05
-6.29961e-05
-6.12477e-05
-5.75222e-05
-5.60359e-05
-4.33611e-05
-3.36903e-05
-2.22095e-05
-9.12264e-06
4.8928e-06
1.9588e-05
3.48655e-05
5.05955e-05
6.66177e-05
8.27666e-05
9.88772e-05
0.000114784
0.000130319
0.00014531
0.000159604
0.000173056
0.00018547
0.000196717
0.000206742
0.000215419
0.000222613
0.000228236
0.000232231
0.000234563
0.00023522
0.0002342
0.000231481
0.000227068
0.000221098
0.000213691
0.000204857
0.000194695
0.000183375
0.000171006
0.00015774
0.000143734
0.000129165
0.000114221
9.90994e-05
8.39953e-05
6.91031e-05
5.46174e-05
4.0709e-05
2.75623e-05
1.52253e-05
5.53287e-06
-6.45211e-06
-1.75204e-05
-2.67311e-05
-3.55778e-05
-4.34875e-05
-5.01645e-05
-5.55315e-05
-5.95431e-05
-6.21371e-05
-6.3293e-05
-6.29067e-05
-6.11688e-05
-5.74544e-05
-5.59789e-05
-3.00947e-05
-2.1342e-05
-1.09374e-05
8.73442e-07
1.35162e-05
2.67796e-05
4.05723e-05
5.47762e-05
6.92485e-05
8.38396e-05
9.83981e-05
0.000112773
0.000126813
0.000140368
0.000153292
0.000165442
0.000176665
0.000186849
0.000195904
0.000203716
0.000210182
0.000215228
0.000218803
0.000220877
0.000221434
0.000220474
0.000217996
0.000214018
0.000208613
0.000201878
0.000193867
0.00018466
0.000174384
0.000163156
0.00015111
0.000138394
0.000125166
0.000111592
9.78458e-05
8.41045e-05
7.05427e-05
5.73333e-05
4.46343e-05
3.26035e-05
2.1335e-05
1.22597e-05
1.39783e-06
-8.55692e-06
-1.68927e-05
-2.48265e-05
-3.18786e-05
-3.7799e-05
-4.25191e-05
-4.59956e-05
-4.81774e-05
-4.90366e-05
-4.85051e-05
-4.66798e-05
-4.32425e-05
-4.12995e-05
-3.01477e-05
-2.13894e-05
-1.09821e-05
8.30588e-07
1.34754e-05
2.6741e-05
4.05361e-05
5.47426e-05
6.92177e-05
8.38124e-05
9.83755e-05
0.000112756
0.000126803
0.000140366
0.000153298
0.000165457
0.000176692
0.000186884
0.000195943
0.000203761
0.000210234
0.000215287
0.00021887
0.000220951
0.000221515
0.00022056
0.000218086
0.000214113
0.000208717
0.00020199
0.000193984
0.000184784
0.000174514
0.000163291
0.000151251
0.000138541
0.000125318
0.000111749
9.80074e-05
8.42703e-05
7.07125e-05
5.75064e-05
4.48098e-05
3.27804e-05
2.1512e-05
1.2435e-05
1.5702e-06
-8.39038e-06
-1.67334e-05
-2.46746e-05
-3.17344e-05
-3.76629e-05
-4.23914e-05
-4.58766e-05
-4.80671e-05
-4.89353e-05
-4.84129e-05
-4.6597e-05
-4.31699e-05
-4.12378e-05
-1.78791e-05
-9.9379e-06
-5.16511e-07
1.01303e-05
2.15249e-05
3.34863e-05
4.59273e-05
5.87391e-05
7.17925e-05
8.49529e-05
9.80846e-05
0.000111051
0.000123716
0.000135944
0.0001476
0.000158557
0.000168688
0.000177881
0.00018604
0.000193068
0.000198882
0.000203417
0.000206626
0.000208476
0.000208953
0.000208054
0.000205789
0.000202182
0.000197284
0.000191164
0.000183887
0.000175533
0.000166203
0.00015601
0.000145077
0.000133535
0.000121527
0.000109204
9.67173e-05
8.42282e-05
7.18949e-05
5.98684e-05
4.82879e-05
3.729e-05
2.69968e-05
1.85088e-05
8.68692e-06
-2.5704e-07
-7.79276e-06
-1.48891e-05
-2.11516e-05
-2.63719e-05
-3.04893e-05
-3.34645e-05
-3.52554e-05
-3.58342e-05
-3.51547e-05
-3.32639e-05
-3.00349e-05
-2.77153e-05
-1.79389e-05
-9.99066e-06
-5.6548e-07
1.00838e-05
2.1481e-05
3.3445e-05
4.58885e-05
5.87028e-05
7.17589e-05
8.49225e-05
9.80583e-05
0.00011103
0.000123701
0.000135936
0.000147601
0.000158567
0.000168707
0.000177909
0.000186075
0.00019311
0.000198932
0.000203475
0.000206691
0.000208549
0.000209032
0.00020814
0.00020588
0.000202279
0.000197388
0.000191274
0.000184003
0.000175655
0.000166331
0.000156144
0.000145216
0.000133679
0.000121676
0.000109357
9.68744e-05
8.4389e-05
7.20589e-05
6.00351e-05
4.84565e-05
3.74597e-05
2.71664e-05
1.86769e-05
8.85244e-06
-9.63701e-08
-7.63819e-06
-1.47409e-05
-2.10101e-05
-2.62375e-05
-3.03623e-05
-3.33451e-05
-3.51437e-05
-3.57303e-05
-3.50586e-05
-3.31757e-05
-2.99552e-05
-2.76461e-05
-6.73828e-06
4.8686e-07
9.0157e-06
1.86081e-05
2.88753e-05
3.96631e-05
5.08874e-05
6.24457e-05
7.4219e-05
8.60854e-05
9.79238e-05
0.000109611
0.000121024
0.000132039
0.000142537
0.000152402
0.000161524
0.0001698
0.000177138
0.000183454
0.000188676
0.000192746
0.000195618
0.000197262
0.000197663
0.000196819
0.000194741
0.000191451
0.000186993
0.000181422
0.000174802
0.000167208
0.000158732
0.000149474
0.000139544
0.000129061
0.000118156
0.000106964
9.56216e-05
8.42676e-05
7.30429e-05
6.20837e-05
5.15154e-05
4.14588e-05
3.20465e-05
2.41102e-05
1.52419e-05
7.21013e-06
4.0248e-07
-5.93038e-06
-1.14703e-05
-1.60464e-05
-1.96054e-05
-2.21127e-05
-2.35341e-05
-2.38455e-05
-2.30153e-05
-2.10662e-05
-1.79813e-05
-1.53558e-05
-6.80598e-06
4.27991e-07
8.96208e-06
1.85579e-05
2.88282e-05
3.9619e-05
5.08461e-05
6.24071e-05
7.41831e-05
8.60528e-05
9.78951e-05
0.000109587
0.000121006
0.000132029
0.000142534
0.000152408
0.000161539
0.000169824
0.00017717
0.000183494
0.000188725
0.000192802
0.000195682
0.000197333
0.000197742
0.000196904
0.000194831
0.000191548
0.000187096
0.000181531
0.000174917
0.000167329
0.000158859
0.000149606
0.000139681
0.000129203
0.000118302
0.000107114
9.57749e-05
8.4424e-05
7.32021e-05
6.22451e-05
5.16783e-05
4.16225e-05
3.221e-05
2.42724e-05
1.54018e-05
7.36597e-06
5.53154e-07
-5.78522e-06
-1.13311e-05
-1.59134e-05
-1.94789e-05
-2.19928e-05
-2.34208e-05
-2.37387e-05
-2.2915e-05
-2.09719e-05
-1.78933e-05
-1.52775e-05
3.25238e-06
9.85304e-06
1.75846e-05
2.62367e-05
3.54991e-05
4.52397e-05
5.5377e-05
6.58157e-05
7.6448e-05
8.7163e-05
9.78498e-05
0.000108396
0.00011869
0.00012862
0.000138079
0.000146965
0.000155179
0.000162627
0.000169226
0.000174901
0.000179588
0.000183233
0.000185797
0.00018725
0.000187579
0.000186779
0.000184862
0.000181849
0.000177778
0.000172695
0.000166661
0.000159746
0.000152031
0.000143607
0.000134574
0.000125039
0.000115117
0.00010493
9.46011e-05
8.42545e-05
7.4016e-05
6.40078e-05
5.43439e-05
4.51329e-05
3.65058e-05
2.90777e-05
2.10692e-05
1.38483e-05
7.69139e-06
2.04182e-06
-2.84953e-06
-6.84506e-06
-9.8985e-06
-1.198e-05
-1.30623e-05
-1.31263e-05
-1.21516e-05
-1.01509e-05
-7.16298e-06
-4.29443e-06
3.17692e-06
9.78851e-06
1.7527e-05
2.61836e-05
3.54497e-05
4.51936e-05
5.5334e-05
6.57756e-05
7.64109e-05
8.71294e-05
9.78202e-05
0.000108372
0.000118671
0.000128608
0.000138075
0.00014697
0.000155192
0.000162649
0.000169256
0.00017494
0.000179635
0.000183289
0.00018586
0.00018732
0.000187655
0.000186863
0.000184952
0.000181945
0.000177879
0.000172803
0.000166774
0.000159865
0.000152155
0.000143737
0.000134709
0.000125178
0.000115261
0.000105077
9.4751e-05
8.44072e-05
7.4171e-05
6.41647e-05
5.45021e-05
4.52917e-05
3.66643e-05
2.9235e-05
2.12244e-05
1.4e-05
7.83868e-06
2.18429e-06
-2.71226e-06
-6.71325e-06
-9.77228e-06
-1.18594e-05
-1.29473e-05
-1.30169e-05
-1.20473e-05
-1.00511e-05
-7.06752e-06
-4.20751e-06
1.20204e-05
1.80853e-05
2.51188e-05
3.29479e-05
4.13312e-05
5.01542e-05
5.93384e-05
6.87952e-05
7.84259e-05
8.81294e-05
9.7804e-05
0.000107348
0.00011666
0.00012564
0.00013419
0.000142217
0.000149632
0.000156352
0.0001623
0.000167411
0.000171626
0.000174897
0.000177187
0.00017847
0.000178732
0.00017797
0.000176194
0.000173424
0.000169691
0.00016504
0.000159522
0.000153202
0.000146155
0.000138461
0.000130211
0.000121502
0.000112439
0.00010313
9.36861e-05
8.42197e-05
7.48438e-05
6.56689e-05
5.67987e-05
4.83323e-05
4.03921e-05
3.34206e-05
2.61706e-05
1.9656e-05
1.40684e-05
9.0169e-06
4.69436e-06
1.20912e-06
-1.39908e-06
-3.10466e-06
-3.88629e-06
-3.7303e-06
-2.62464e-06
-5.79859e-07
2.34337e-06
5.40014e-06
1.19391e-05
1.80163e-05
2.50581e-05
3.28926e-05
4.12801e-05
5.01068e-05
5.92945e-05
6.87545e-05
7.83888e-05
8.80962e-05
9.77752e-05
0.000107324
0.000116642
0.000125628
0.000134186
0.000142221
0.000149645
0.000156373
0.00016233
0.000167449
0.000171672
0.000174951
0.000177248
0.000178538
0.000178807
0.000178052
0.000176282
0.000173518
0.000169791
0.000165145
0.000159633
0.000153319
0.000146277
0.000138588
0.000130342
0.000121638
0.000112579
0.000103274
9.38326e-05
8.43689e-05
7.49951e-05
6.58219e-05
5.69527e-05
4.84868e-05
4.05463e-05
3.35737e-05
2.63218e-05
1.98042e-05
1.42127e-05
9.15695e-06
4.82985e-06
1.33987e-06
-1.27318e-06
-2.98362e-06
-3.77005e-06
-3.61872e-06
-2.51739e-06
-4.76271e-07
2.44351e-06
5.49293e-06
1.94992e-05
2.5114e-05
3.15523e-05
3.86793e-05
4.63118e-05
5.43504e-05
6.27194e-05
7.13355e-05
8.01088e-05
8.89464e-05
9.7755e-05
0.000106442
0.000114914
0.000123081
0.000130854
0.000138147
0.00014488
0.000150978
0.000156373
0.000161003
0.000164816
0.000167767
0.000169824
0.000170962
0.000171169
0.000170442
0.000168788
0.000166226
0.000162784
0.000158502
0.000153426
0.000147617
0.000141139
0.00013407
0.00012649
0.000118488
0.000110158
0.000101598
9.29094e-05
8.4194e-05
7.55543e-05
6.70911e-05
5.88995e-05
5.1071e-05
4.37156e-05
3.71415e-05
3.0542e-05
2.46266e-05
1.9523e-05
1.49798e-05
1.11406e-05
8.08914e-06
5.85947e-06
4.47337e-06
3.94719e-06
4.28992e-06
5.50684e-06
7.58621e-06
1.04654e-05
1.36635e-05
1.94147e-05
2.50419e-05
3.1489e-05
3.86218e-05
4.6259e-05
5.43021e-05
6.26751e-05
7.12952e-05
8.00724e-05
8.89144e-05
9.77279e-05
0.00010642
0.000114898
0.000123072
0.000130852
0.000138153
0.000144893
0.000150999
0.000156402
0.000161041
0.000164861
0.00016782
0.000169884
0.000171029
0.000171243
0.000170522
0.000168874
0.000166318
0.000162882
0.000158605
0.000153535
0.000147731
0.000141259
0.000134194
0.000126619
0.000118621
0.000110295
0.000101739
9.30527e-05
8.43398e-05
7.57022e-05
6.72404e-05
5.90498e-05
5.12218e-05
4.38662e-05
3.7291e-05
3.06896e-05
2.47715e-05
1.96646e-05
1.51177e-05
1.12745e-05
8.2189e-06
5.98502e-06
4.5947e-06
4.06435e-06
4.40303e-06
5.61615e-06
7.69219e-06
1.0568e-05
1.37591e-05
2.56299e-05
3.08769e-05
3.68251e-05
4.33731e-05
5.03861e-05
5.77773e-05
6.54736e-05
7.33965e-05
8.14627e-05
8.95868e-05
9.76825e-05
0.000105664
0.000113446
0.000120946
0.00012808
0.000134772
0.000140946
0.000146536
0.000151477
0.000155715
0.000159199
0.00016189
0.000163757
0.000164778
0.000164942
0.000164246
0.000162696
0.000160308
0.00015711
0.000153134
0.000148426
0.000143039
0.000137035
0.000130482
0.000123456
0.000116037
0.000108311
0.000100369
9.23018e-05
8.42042e-05
7.617e-05
6.82919e-05
6.06586e-05
5.33552e-05
4.64789e-05
4.02365e-05
3.41726e-05
2.87451e-05
2.40346e-05
1.99036e-05
1.64567e-05
1.37574e-05
1.18351e-05
1.0708e-05
1.03883e-05
1.08809e-05
1.21855e-05
1.42886e-05
1.7136e-05
2.04353e-05
2.55441e-05
3.08028e-05
3.67593e-05
4.33137e-05
5.03319e-05
5.77281e-05
6.54292e-05
7.33568e-05
8.14276e-05
8.95565e-05
9.76576e-05
0.000105645
0.000113433
0.000120939
0.000128081
0.000134779
0.000140961
0.000146558
0.000151507
0.000155752
0.000159244
0.000161942
0.000163816
0.000164844
0.000165014
0.000164324
0.00016278
0.000160399
0.000157206
0.000153236
0.000148533
0.000143152
0.000137152
0.000130604
0.000123582
0.000116168
0.000108446
0.000100506
9.24423e-05
8.43471e-05
7.63148e-05
6.84381e-05
6.08057e-05
5.35027e-05
4.66262e-05
4.03828e-05
3.43172e-05
2.88872e-05
2.41738e-05
2.00396e-05
1.65892e-05
1.38863e-05
1.19602e-05
1.08294e-05
1.05061e-05
1.09951e-05
1.22963e-05
1.43963e-05
1.72402e-05
2.05324e-05
3.0353e-05
3.53127e-05
4.08781e-05
4.69752e-05
5.35056e-05
6.03925e-05
6.75653e-05
7.49494e-05
8.24669e-05
9.00376e-05
9.75812e-05
0.000105018
0.000112267
0.000119251
0.000125893
0.000132121
0.000137866
0.000143064
0.000147657
0.000151593
0.000154826
0.00015732
0.000159045
0.000159981
0.000160116
0.000159449
0.000157984
0.000155737
0.000152732
0.000149
0.000144583
0.00013953
0.000133898
0.00012775
0.000121157
0.000114193
0.000106939
9.94761e-05
9.18921e-05
8.42737e-05
7.67087e-05
6.92836e-05
6.2082e-05
5.51847e-05
4.86772e-05
4.26936e-05
3.70412e-05
3.19826e-05
2.75681e-05
2.37477e-05
2.05971e-05
1.81637e-05
1.64728e-05
1.55403e-05
1.53752e-05
1.5979e-05
1.7347e-05
1.94636e-05
2.22866e-05
2.56522e-05
3.02661e-05
3.52373e-05
4.0811e-05
4.69145e-05
5.34506e-05
6.0343e-05
6.75211e-05
7.49105e-05
8.24331e-05
9.00093e-05
9.75585e-05
0.000105001
0.000112256
0.000119247
0.000125896
0.00013213
0.000137882
0.000143087
0.000147687
0.00015163
0.000154871
0.000157372
0.000159104
0.000160046
0.000160188
0.000159526
0.000158067
0.000155826
0.000152827
0.000149101
0.000144689
0.000139641
0.000134014
0.000127871
0.000121282
0.000114322
0.000107071
9.96114e-05
9.20302e-05
8.44141e-05
7.68509e-05
6.94271e-05
6.22264e-05
5.53296e-05
4.88218e-05
4.28374e-05
3.71833e-05
3.21227e-05
2.77055e-05
2.38823e-05
2.07284e-05
1.82918e-05
1.65976e-05
1.56617e-05
1.54933e-05
1.60939e-05
1.74588e-05
1.95726e-05
2.23922e-05
2.57506e-05
3.35925e-05
3.83465e-05
4.36414e-05
4.94217e-05
5.56138e-05
6.21478e-05
6.89546e-05
7.59629e-05
8.30982e-05
9.02842e-05
9.74445e-05
0.000104503
0.000111383
0.000118011
0.000124315
0.000130225
0.000135676
0.000140607
0.000144964
0.000148698
0.000151765
0.000154131
0.000155766
0.000156653
0.000156778
0.00015614
0.000154745
0.000152605
0.000149745
0.000146192
0.000141987
0.000137176
0.000131811
0.000125953
0.000119668
0.000113026
0.000106103
9.89777e-05
9.17313e-05
8.44467e-05
7.7207e-05
7.00948e-05
6.31905e-05
5.65714e-05
5.03141e-05
4.45073e-05
3.91299e-05
3.43121e-05
3.00884e-05
2.64687e-05
2.35091e-05
2.12467e-05
1.97043e-05
1.88961e-05
1.88291e-05
1.95022e-05
2.09075e-05
2.30277e-05
2.58307e-05
2.92328e-05
3.35051e-05
3.82706e-05
4.35738e-05
4.93607e-05
5.55588e-05
6.20985e-05
6.8911e-05
7.59248e-05
8.30657e-05
9.02574e-05
9.74235e-05
0.000104488
0.000111375
0.000118009
0.000124319
0.000130235
0.000135693
0.000140631
0.000144995
0.000148736
0.00015181
0.000154182
0.000155824
0.000156717
0.000156849
0.000156217
0.000154827
0.000152694
0.000149838
0.000146292
0.000142092
0.000137285
0.000131925
0.000126072
0.000119791
0.000113153
0.000106234
9.91113e-05
9.18676e-05
8.45852e-05
7.73473e-05
7.02365e-05
6.33329e-05
5.67142e-05
5.04567e-05
4.46491e-05
3.92703e-05
3.44506e-05
3.02245e-05
2.66022e-05
2.36396e-05
2.13742e-05
1.98288e-05
1.90175e-05
1.89473e-05
1.96175e-05
2.10198e-05
2.31373e-05
2.59369e-05
2.93318e-05
3.52017e-05
3.98301e-05
4.49701e-05
5.05741e-05
5.65799e-05
6.2921e-05
6.95295e-05
7.63356e-05
8.32668e-05
9.02492e-05
9.72081e-05
0.000104069
0.00011076
0.000117206
0.000123339
0.000129091
0.0001344
0.000139205
0.000143454
0.000147099
0.000150098
0.000152416
0.000154026
0.000154908
0.000155052
0.000154453
0.000153118
0.000151059
0.000148297
0.000144862
0.00014079
0.000136126
0.000130921
0.000125233
0.000119125
0.000112665
0.000105926
9.89847e-05
9.19198e-05
8.48113e-05
7.77403e-05
7.07871e-05
6.40301e-05
5.75448e-05
5.1403e-05
4.56758e-05
4.04204e-05
3.56984e-05
3.15449e-05
2.80015e-05
2.51141e-05
2.29149e-05
2.14257e-05
2.06603e-05
2.06245e-05
2.13167e-05
2.27268e-05
2.48363e-05
2.7617e-05
3.1027e-05
3.51142e-05
3.97542e-05
4.49028e-05
5.05134e-05
5.65252e-05
6.28722e-05
6.94864e-05
7.62982e-05
8.32351e-05
9.02232e-05
9.71879e-05
0.000104055
0.000110752
0.000117205
0.000123344
0.000129103
0.000134418
0.00013923
0.000143486
0.000147137
0.000150143
0.000152467
0.000154083
0.000154972
0.000155122
0.000154529
0.0001532
0.000151147
0.000148391
0.000144961
0.000140894
0.000136235
0.000131035
0.000125351
0.000119247
0.000112791
0.000106056
9.91174e-05
9.2055e-05
8.49488e-05
7.78795e-05
7.09274e-05
6.41712e-05
5.76863e-05
5.15443e-05
4.58163e-05
4.05597e-05
3.58359e-05
3.16802e-05
2.81343e-05
2.52441e-05
2.30419e-05
2.15498e-05
2.07814e-05
2.07427e-05
2.14319e-05
2.28391e-05
2.49457e-05
2.77228e-05
3.11259e-05
)
;

boundaryField
{
    left
    {
        type            cyclic;
    }
    right
    {
        type            cyclic;
    }
    top
    {
        type            calculated;
        value           nonuniform List<scalar> 
120
(
3.52017e-05
3.98301e-05
4.49701e-05
5.05741e-05
5.65799e-05
6.2921e-05
6.95295e-05
7.63356e-05
8.32668e-05
9.02492e-05
9.72081e-05
0.000104069
0.00011076
0.000117206
0.000123339
0.000129091
0.0001344
0.000139205
0.000143454
0.000147099
0.000150098
0.000152416
0.000154026
0.000154908
0.000155052
0.000154453
0.000153118
0.000151059
0.000148297
0.000144862
0.00014079
0.000136126
0.000130921
0.000125233
0.000119125
0.000112665
0.000105926
9.89847e-05
9.19198e-05
8.48113e-05
7.77403e-05
7.07871e-05
6.40301e-05
5.75448e-05
5.1403e-05
4.56758e-05
4.04204e-05
3.56984e-05
3.15449e-05
2.80015e-05
2.51141e-05
2.29149e-05
2.14257e-05
2.06603e-05
2.06245e-05
2.13167e-05
2.27268e-05
2.48363e-05
2.7617e-05
3.1027e-05
3.51142e-05
3.97542e-05
4.49028e-05
5.05134e-05
5.65252e-05
6.28722e-05
6.94864e-05
7.62982e-05
8.32351e-05
9.02232e-05
9.71879e-05
0.000104055
0.000110752
0.000117205
0.000123344
0.000129103
0.000134418
0.00013923
0.000143486
0.000147137
0.000150143
0.000152467
0.000154083
0.000154972
0.000155122
0.000154529
0.0001532
0.000151147
0.000148391
0.000144961
0.000140894
0.000136235
0.000131035
0.000125351
0.000119247
0.000112791
0.000106056
9.91174e-05
9.2055e-05
8.49488e-05
7.78795e-05
7.09274e-05
6.41712e-05
5.76863e-05
5.15443e-05
4.58163e-05
4.05597e-05
3.58359e-05
3.16802e-05
2.81343e-05
2.52441e-05
2.30419e-05
2.15498e-05
2.07814e-05
2.07427e-05
2.14319e-05
2.28391e-05
2.49457e-05
2.77228e-05
3.11259e-05
)
;
    }
    bottom
    {
        type            calculated;
        value           nonuniform List<scalar> 
120
(
-0.000526984
-0.000548797
-0.00054682
-0.000525635
-0.000479681
-0.000412671
-0.000327063
-0.000225702
-0.000112745
7.3915e-06
0.000131186
0.000254677
0.000374126
0.000486543
0.00058942
0.000680958
0.000760054
0.000826173
0.000879423
0.000920026
0.000948647
0.000966
0.000973026
0.000970473
0.000959384
0.000940411
0.000914536
0.000882102
0.000844001
0.000800329
0.000751944
0.000698536
0.00064098
0.00057847
0.000512166
0.000440281
0.000364717
0.000281792
0.000195251
9.72908e-05
-4.40434e-06
-0.000127242
-0.000256373
-0.000432565
-0.000641047
-0.00101151
-0.00143606
-0.000873499
-0.000645092
-0.000636982
-0.000605495
-0.000589272
-0.000571169
-0.000559718
-0.000550135
-0.000545379
-0.000542053
-0.000537385
-0.000523053
-0.000485525
-0.000527351
-0.000549035
-0.000546997
-0.000525781
-0.000479824
-0.000412833
-0.000327262
-0.000225942
-0.000113037
7.04868e-06
0.000130796
0.000254244
0.000373649
0.00048602
0.000588859
0.000680392
0.000759533
0.000825734
0.000879075
0.000919765
0.000948458
0.000965873
0.000972943
0.000970416
0.000959355
0.000940424
0.00091461
0.000882259
0.000844252
0.000800688
0.000752421
0.000699152
0.000641737
0.000579363
0.000513205
0.000441502
0.000366208
0.000283692
0.000197754
0.000100587
1.07187e-10
-0.000124344
-0.000254319
-0.000430982
-0.000639723
-0.00101015
-0.00143482
-0.000872403
-0.000644025
-0.000635984
-0.00060453
-0.000588217
-0.00056998
-0.000558379
-0.00054873
-0.000544011
-0.000540798
-0.000536309
-0.000522175
-0.000484855
)
;
    }
    frontAndBack
    {
        type            empty;
    }
}


// ************************************************************************* //
