/*--------------------------------*- C++ -*----------------------------------*\
| =========                 |                                                 |
| \\      /  F ield         | OpenFOAM: The Open Source CFD Toolbox           |
|  \\    /   O peration     | Version:  5.x                                   |
|   \\  /    A nd           | Web:      www.OpenFOAM.org                      |
|    \\/     M anipulation  |                                                 |
\*---------------------------------------------------------------------------*/
FoamFile
{
    version     2.0;
    format      ascii;
    class       volScalarField;
    location    "300/surface";
    object      pPrime2Mean;
}
// * * * * * * * * * * * * * * * * * * * * * * * * * * * * * * * * * * * * * //

dimensions      [0 4 -4 0 0 0 0];

internalField   nonuniform List<scalar> 
7200
(
1.17429e-06
1.32152e-06
7.33222e-07
2.18117e-07
2.9048e-08
4.64304e-09
2.42384e-08
7.90649e-08
1.73468e-07
2.99012e-07
4.48764e-07
6.1376e-07
7.8807e-07
9.63135e-07
1.13708e-06
1.30611e-06
1.45873e-06
1.6031e-06
1.74487e-06
1.89117e-06
2.03984e-06
2.19079e-06
2.33316e-06
2.46434e-06
2.57972e-06
2.68606e-06
2.79177e-06
2.89438e-06
2.99551e-06
3.09308e-06
3.18996e-06
3.28026e-06
3.3751e-06
3.46854e-06
3.58682e-06
3.72096e-06
3.8713e-06
4.0481e-06
4.25744e-06
4.50476e-06
4.80334e-06
5.17163e-06
5.60799e-06
6.05585e-06
6.30191e-06
5.8501e-06
5.24843e-07
4.08724e-07
4.82957e-07
2.59953e-07
1.37382e-07
1.13176e-07
1.51605e-07
2.29649e-07
3.24411e-07
4.30694e-07
5.12446e-07
5.24719e-07
4.11166e-07
9.01158e-08
1.37353e-06
1.67552e-06
1.18696e-06
6.98343e-07
3.4018e-07
1.26609e-07
3.59439e-08
3.89921e-08
1.13721e-07
2.38707e-07
3.98638e-07
5.76363e-07
7.61514e-07
9.46037e-07
1.12905e-06
1.30772e-06
1.48049e-06
1.65729e-06
1.8354e-06
2.01578e-06
2.18578e-06
2.34491e-06
2.48442e-06
2.60848e-06
2.72418e-06
2.82975e-06
2.93505e-06
3.03843e-06
3.1487e-06
3.2647e-06
3.39315e-06
3.52406e-06
3.66025e-06
3.7921e-06
3.93883e-06
4.10314e-06
4.288e-06
4.50293e-06
4.75368e-06
5.05323e-06
5.41177e-06
5.84123e-06
6.34032e-06
6.85763e-06
7.14737e-06
6.67101e-06
7.74764e-07
2.00041e-07
1.96923e-07
1.23262e-07
1.28065e-07
1.82916e-07
2.6309e-07
3.54465e-07
4.41801e-07
5.26418e-07
5.81032e-07
5.72288e-07
4.51378e-07
1.14147e-07
1.01286e-06
1.14594e-06
6.2251e-07
1.67123e-07
1.04288e-08
5.51026e-09
3.57904e-08
1.02687e-07
2.08583e-07
3.44411e-07
5.03471e-07
6.76682e-07
8.58564e-07
1.04041e-06
1.2205e-06
1.39492e-06
1.55306e-06
1.70197e-06
1.84809e-06
1.99814e-06
2.15064e-06
2.30497e-06
2.45097e-06
2.58534e-06
2.70387e-06
2.8129e-06
2.92082e-06
3.02562e-06
3.12854e-06
3.22794e-06
3.32612e-06
3.41814e-06
3.51377e-06
3.60896e-06
3.72758e-06
3.86265e-06
4.01316e-06
4.18975e-06
4.39772e-06
4.64281e-06
4.9364e-06
5.2962e-06
5.71707e-06
6.13879e-06
6.34711e-06
5.84641e-06
6.43435e-07
3.35944e-07
4.6122e-07
2.9178e-07
1.70305e-07
1.18163e-07
1.16057e-07
1.46055e-07
1.90731e-07
2.40475e-07
2.69343e-07
2.44849e-07
1.42531e-07
5.68095e-08
1.19427e-06
1.46859e-06
1.03257e-06
5.93497e-07
2.74284e-07
9.1099e-08
2.44633e-08
4.71398e-08
1.38176e-07
2.76744e-07
4.4837e-07
6.36018e-07
8.29862e-07
1.02196e-06
1.2118e-06
1.3965e-06
1.57511e-06
1.75679e-06
1.93982e-06
2.12444e-06
2.29894e-06
2.46189e-06
2.60529e-06
2.73274e-06
2.85133e-06
2.95973e-06
3.06703e-06
3.17259e-06
3.28434e-06
3.40215e-06
3.53188e-06
3.66479e-06
3.80246e-06
3.93664e-06
4.08471e-06
4.25024e-06
4.43554e-06
4.65044e-06
4.9001e-06
5.1973e-06
5.55084e-06
5.97161e-06
6.45468e-06
6.94415e-06
7.19479e-06
6.67091e-06
9.4031e-07
1.66781e-07
1.89982e-07
1.3203e-07
1.15345e-07
1.33836e-07
1.72541e-07
2.19993e-07
2.64336e-07
3.01787e-07
3.12896e-07
2.73687e-07
1.62351e-07
4.55226e-08
9.39985e-07
1.02922e-06
5.52118e-07
1.38821e-07
2.27151e-09
9.38653e-09
4.4647e-08
1.16986e-07
2.27486e-07
3.66877e-07
5.28644e-07
7.03811e-07
8.87199e-07
1.07025e-06
1.25127e-06
1.42601e-06
1.58566e-06
1.7354e-06
1.88251e-06
2.03261e-06
2.1853e-06
2.33911e-06
2.48537e-06
2.61981e-06
2.73902e-06
2.84845e-06
2.95629e-06
3.06098e-06
3.16338e-06
3.26239e-06
3.35955e-06
3.45132e-06
3.54551e-06
3.64074e-06
3.75719e-06
3.89035e-06
4.03791e-06
4.21064e-06
4.41294e-06
4.65095e-06
4.93381e-06
5.27851e-06
5.67644e-06
6.06675e-06
6.2414e-06
5.7561e-06
9.10956e-07
1.90611e-07
3.04209e-07
2.25782e-07
1.53978e-07
1.1838e-07
1.13763e-07
1.29282e-07
1.52178e-07
1.72659e-07
1.73341e-07
1.35942e-07
7.13836e-08
2.31948e-07
1.11031e-06
1.32602e-06
9.26081e-07
5.25417e-07
2.35391e-07
7.27587e-08
2.04418e-08
5.31528e-08
1.51479e-07
2.95275e-07
4.70697e-07
6.61132e-07
8.57076e-07
1.05086e-06
1.24214e-06
1.42772e-06
1.60765e-06
1.78953e-06
1.97301e-06
2.15715e-06
2.33202e-06
2.49489e-06
2.6391e-06
2.76734e-06
2.88648e-06
2.99557e-06
3.10261e-06
3.20809e-06
3.31881e-06
3.43586e-06
3.56389e-06
3.69596e-06
3.83217e-06
3.96628e-06
4.11303e-06
4.27661e-06
4.45873e-06
4.66939e-06
4.91316e-06
5.20248e-06
5.5445e-06
5.9493e-06
6.40841e-06
6.86464e-06
7.08254e-06
6.5819e-06
1.29144e-06
1.46331e-07
1.37877e-07
1.21028e-07
1.18864e-07
1.32823e-07
1.57207e-07
1.84292e-07
2.05359e-07
2.15218e-07
2.0142e-07
1.51439e-07
7.45052e-08
1.90854e-07
9.40368e-07
9.54385e-07
5.08241e-07
1.25512e-07
1.91894e-10
1.23972e-08
4.90544e-08
1.22928e-07
2.33634e-07
3.72293e-07
5.3247e-07
7.05533e-07
8.86369e-07
1.06695e-06
1.24531e-06
1.41694e-06
1.57536e-06
1.72363e-06
1.86954e-06
2.01736e-06
2.16779e-06
2.3185e-06
2.46263e-06
2.59506e-06
2.71326e-06
2.82169e-06
2.92796e-06
3.03103e-06
3.13139e-06
3.22852e-06
3.32313e-06
3.41335e-06
3.50473e-06
3.59899e-06
3.71188e-06
3.84142e-06
3.98418e-06
4.15094e-06
4.34504e-06
4.57329e-06
4.84252e-06
5.16908e-06
5.5416e-06
5.90136e-06
6.0563e-06
5.64223e-06
1.33968e-06
1.50655e-07
1.59623e-07
1.43982e-07
1.21881e-07
1.13153e-07
1.18918e-07
1.33263e-07
1.46991e-07
1.51537e-07
1.37292e-07
1.01886e-07
9.39842e-08
4.90082e-07
1.10562e-06
1.22976e-06
8.51279e-07
4.79957e-07
2.1203e-07
6.33756e-08
1.90209e-08
5.58468e-08
1.55616e-07
2.99213e-07
4.73219e-07
6.61738e-07
8.5534e-07
1.04693e-06
1.23597e-06
1.41902e-06
1.59729e-06
1.77629e-06
1.95713e-06
2.1376e-06
2.30988e-06
2.47002e-06
2.61289e-06
2.74028e-06
2.85849e-06
2.96695e-06
3.0723e-06
3.17626e-06
3.28432e-06
3.39889e-06
3.52319e-06
3.65247e-06
3.78528e-06
3.91783e-06
4.06173e-06
4.2215e-06
4.39824e-06
4.60213e-06
4.83712e-06
5.11542e-06
5.44244e-06
5.8278e-06
6.26031e-06
6.68434e-06
6.88483e-06
6.47142e-06
1.82999e-06
2.84925e-07
1.47157e-07
1.38266e-07
1.44943e-07
1.58186e-07
1.74957e-07
1.89211e-07
1.94532e-07
1.85557e-07
1.56466e-07
1.0804e-07
8.34118e-08
4.24743e-07
9.78209e-07
8.92985e-07
4.69452e-07
1.16887e-07
1.77041e-13
1.52577e-08
5.33323e-08
1.2857e-07
2.39229e-07
3.76914e-07
5.35111e-07
7.05742e-07
8.83486e-07
1.06117e-06
1.23624e-06
1.40431e-06
1.56099e-06
1.70764e-06
1.85213e-06
1.9975e-06
2.14532e-06
2.29258e-06
2.43413e-06
2.56425e-06
2.68124e-06
2.7886e-06
2.89324e-06
2.99456e-06
3.09275e-06
3.18778e-06
3.27975e-06
3.3682e-06
3.45686e-06
3.55001e-06
3.65952e-06
3.78535e-06
3.92329e-06
4.08399e-06
4.26987e-06
4.4884e-06
4.74443e-06
5.05372e-06
5.40324e-06
5.73845e-06
5.89045e-06
5.5809e-06
1.86316e-06
3.03358e-07
1.35421e-07
1.224e-07
1.18688e-07
1.21173e-07
1.29481e-07
1.3917e-07
1.43572e-07
1.36042e-07
1.16107e-07
9.97087e-08
1.76388e-07
8.07878e-07
1.141e-06
1.14801e-06
7.81769e-07
4.36427e-07
1.89689e-07
5.47055e-08
1.81059e-08
5.88146e-08
1.59669e-07
3.02701e-07
4.74778e-07
6.60937e-07
8.51594e-07
1.04055e-06
1.22679e-06
1.4069e-06
1.58299e-06
1.75879e-06
1.93641e-06
2.11269e-06
2.28176e-06
2.43873e-06
2.57993e-06
2.70636e-06
2.82363e-06
2.93141e-06
3.0351e-06
3.13739e-06
3.24271e-06
3.35448e-06
3.47484e-06
3.60092e-06
3.73017e-06
3.86093e-06
4.00209e-06
4.15799e-06
4.32923e-06
4.52616e-06
4.75227e-06
5.01949e-06
5.3318e-06
5.6985e-06
6.10694e-06
6.50531e-06
6.70678e-06
6.41879e-06
2.46663e-06
6.12891e-07
2.6866e-07
2.11658e-07
1.98376e-07
1.9662e-07
1.9846e-07
1.96821e-07
1.86389e-07
1.62469e-07
1.2701e-07
9.65817e-08
1.51837e-07
7.2081e-07
1.04044e-06
8.41572e-07
4.33885e-07
1.11295e-07
1.03527e-10
1.7415e-08
5.78255e-08
1.34739e-07
2.45476e-07
3.82361e-07
5.38581e-07
7.06837e-07
8.81409e-07
1.05608e-06
1.22765e-06
1.39206e-06
1.54671e-06
1.69178e-06
1.83469e-06
1.97764e-06
2.12261e-06
2.26635e-06
2.40503e-06
2.53276e-06
2.64836e-06
2.75467e-06
2.8577e-06
2.95722e-06
3.05326e-06
3.1461e-06
3.23547e-06
3.32198e-06
3.40814e-06
3.49994e-06
3.60629e-06
3.72836e-06
3.86163e-06
4.01627e-06
4.1942e-06
4.40315e-06
4.64676e-06
4.93986e-06
5.26921e-06
5.58599e-06
5.74944e-06
5.56518e-06
2.44926e-06
6.30258e-07
2.31138e-07
1.64342e-07
1.46975e-07
1.43319e-07
1.44816e-07
1.45415e-07
1.39796e-07
1.24057e-07
1.07799e-07
1.26854e-07
3.11325e-07
1.15054e-06
1.20187e-06
1.07713e-06
7.15624e-07
3.93545e-07
1.67421e-07
4.62333e-08
1.76548e-08
6.25033e-08
1.64559e-07
3.07167e-07
4.77277e-07
6.61078e-07
8.48677e-07
1.03487e-06
1.21813e-06
1.39521e-06
1.56885e-06
1.74139e-06
1.91542e-06
2.08735e-06
2.25276e-06
2.40642e-06
2.54572e-06
2.67115e-06
2.78753e-06
2.89463e-06
2.99679e-06
3.09733e-06
3.19998e-06
3.30879e-06
3.42519e-06
3.54779e-06
3.67348e-06
3.80219e-06
3.94068e-06
4.09268e-06
4.2585e-06
4.44842e-06
4.66579e-06
4.92205e-06
5.22031e-06
5.56941e-06
5.95668e-06
6.33606e-06
6.55411e-06
6.41486e-06
3.16095e-06
1.0997e-06
4.95049e-07
3.39436e-07
2.77816e-07
2.45963e-07
2.24859e-07
2.03936e-07
1.77764e-07
1.43138e-07
1.10629e-07
1.14333e-07
2.72722e-07
1.04501e-06
1.11734e-06
7.99374e-07
4.01317e-07
1.06961e-07
1.13127e-09
1.85228e-08
6.24307e-08
1.41281e-07
2.52196e-07
3.88405e-07
5.42662e-07
7.08567e-07
8.79953e-07
1.05149e-06
1.21946e-06
1.38024e-06
1.53265e-06
1.67613e-06
1.81735e-06
1.95791e-06
2.09986e-06
2.24007e-06
2.37565e-06
2.50091e-06
2.61494e-06
2.72014e-06
2.82159e-06
2.91926e-06
3.01317e-06
3.10371e-06
3.19061e-06
3.27498e-06
3.35888e-06
3.44895e-06
3.55227e-06
3.6705e-06
3.79922e-06
3.94779e-06
4.11807e-06
4.31762e-06
4.54962e-06
4.82764e-06
5.13969e-06
5.44389e-06
5.63042e-06
5.5825e-06
3.0673e-06
1.09593e-06
4.34845e-07
2.66641e-07
2.05879e-07
1.79129e-07
1.64501e-07
1.51794e-07
1.35836e-07
1.16136e-07
1.12644e-07
1.81247e-07
4.86824e-07
1.48302e-06
1.27744e-06
1.01645e-06
6.53653e-07
3.52176e-07
1.45751e-07
3.8219e-08
1.77382e-08
6.68684e-08
1.70162e-07
3.12421e-07
4.80536e-07
6.61949e-07
8.46444e-07
1.02975e-06
1.20989e-06
1.38391e-06
1.55489e-06
1.72416e-06
1.89437e-06
2.06191e-06
2.22334e-06
2.37359e-06
2.51079e-06
2.63512e-06
2.75059e-06
2.85694e-06
2.95767e-06
3.05639e-06
3.1565e-06
3.26219e-06
3.37472e-06
3.49358e-06
3.61573e-06
3.74202e-06
3.8777e-06
4.0257e-06
4.18615e-06
4.36903e-06
4.57786e-06
4.8233e-06
5.10821e-06
5.4408e-06
5.80985e-06
6.17649e-06
6.42348e-06
6.44436e-06
3.87631e-06
1.70503e-06
8.12529e-07
5.17314e-07
3.81704e-07
3.05328e-07
2.53607e-07
2.10396e-07
1.68948e-07
1.28239e-07
1.0774e-07
1.59483e-07
4.34766e-07
1.36302e-06
1.19959e-06
7.65258e-07
3.72007e-07
1.02671e-07
3.64037e-09
1.9065e-08
6.70231e-08
1.48097e-07
2.59329e-07
3.94927e-07
5.47272e-07
7.10816e-07
8.7902e-07
1.04732e-06
1.21159e-06
1.36882e-06
1.51881e-06
1.66067e-06
1.80012e-06
1.93834e-06
2.07719e-06
2.21392e-06
2.34626e-06
2.46898e-06
2.58125e-06
2.68525e-06
2.78512e-06
2.8809e-06
2.9727e-06
3.06091e-06
3.14542e-06
3.22753e-06
3.3093e-06
3.39727e-06
3.49757e-06
3.61179e-06
3.73609e-06
3.87855e-06
4.04152e-06
4.23184e-06
4.45306e-06
4.71711e-06
5.01478e-06
5.31165e-06
5.53016e-06
5.62223e-06
3.68696e-06
1.65867e-06
7.29195e-07
4.23383e-07
2.93239e-07
2.2757e-07
1.8796e-07
1.58133e-07
1.31958e-07
1.12666e-07
1.30207e-07
2.58987e-07
6.87434e-07
1.77925e-06
1.3576e-06
9.6483e-07
5.96431e-07
3.13025e-07
1.25152e-07
3.09131e-08
1.84752e-08
7.19174e-08
1.76473e-07
3.18378e-07
4.84503e-07
6.63467e-07
8.44824e-07
1.02511e-06
1.202e-06
1.37293e-06
1.54106e-06
1.70706e-06
1.87335e-06
2.03653e-06
2.19384e-06
2.34064e-06
2.47557e-06
2.59868e-06
2.71317e-06
2.81866e-06
2.91803e-06
3.0149e-06
3.11256e-06
3.21506e-06
3.32379e-06
3.43874e-06
3.55735e-06
3.68078e-06
3.81341e-06
3.95718e-06
4.1123e-06
4.28812e-06
4.48864e-06
4.7234e-06
4.99573e-06
5.31289e-06
5.66665e-06
6.02611e-06
6.3112e-06
6.49451e-06
4.5779e-06
2.38404e-06
1.203e-06
7.38797e-07
5.07486e-07
3.73467e-07
2.84148e-07
2.16112e-07
1.60325e-07
1.18277e-07
1.18054e-07
2.28406e-07
6.23138e-07
1.64896e-06
1.27889e-06
7.37846e-07
3.45946e-07
9.79821e-08
5.92879e-09
1.96633e-08
7.16358e-08
1.55145e-07
2.66872e-07
4.01899e-07
5.52412e-07
7.13592e-07
8.78644e-07
1.04362e-06
1.20419e-06
1.35797e-06
1.5054e-06
1.64556e-06
1.78314e-06
1.91903e-06
2.05481e-06
2.18813e-06
2.31721e-06
2.43734e-06
2.54768e-06
2.65036e-06
2.74863e-06
2.84249e-06
2.9322e-06
3.01806e-06
3.10026e-06
3.18005e-06
3.25975e-06
3.3453e-06
3.4425e-06
3.55251e-06
3.67245e-06
3.80878e-06
3.96476e-06
4.14605e-06
4.35728e-06
4.60847e-06
4.89445e-06
5.18854e-06
5.44501e-06
5.67496e-06
4.2807e-06
2.27516e-06
1.09288e-06
6.26148e-07
4.0561e-07
2.87063e-07
2.14508e-07
1.64254e-07
1.28435e-07
1.13809e-07
1.59348e-07
3.54572e-07
8.96382e-07
2.02273e-06
1.4335e-06
9.20827e-07
5.44259e-07
2.76611e-07
1.06016e-07
2.45423e-08
2.00029e-08
7.76929e-08
1.83537e-07
3.25046e-07
4.89207e-07
6.65666e-07
8.43876e-07
1.02101e-06
1.19458e-06
1.3624e-06
1.52752e-06
1.69024e-06
1.85257e-06
2.01147e-06
2.16463e-06
2.30801e-06
2.44058e-06
2.56231e-06
2.67571e-06
2.78024e-06
2.87828e-06
2.97328e-06
3.06858e-06
3.16788e-06
3.27292e-06
3.38386e-06
3.49886e-06
3.61904e-06
3.74827e-06
3.88755e-06
4.03731e-06
4.20608e-06
4.39851e-06
4.62278e-06
4.88326e-06
5.1861e-06
5.52723e-06
5.88424e-06
6.21317e-06
6.55418e-06
5.2355e-06
3.09222e-06
1.64515e-06
9.95228e-07
6.51531e-07
4.48734e-07
3.15858e-07
2.21027e-07
1.52274e-07
1.13509e-07
1.40562e-07
3.15861e-07
8.21582e-07
1.88628e-06
1.34807e-06
7.15492e-07
3.22915e-07
9.28304e-08
7.5714e-09
2.06875e-08
7.63842e-08
1.62432e-07
2.74833e-07
4.09327e-07
5.58106e-07
7.16915e-07
8.78884e-07
1.04048e-06
1.19738e-06
1.34782e-06
1.49261e-06
1.63096e-06
1.76657e-06
1.90012e-06
2.03286e-06
2.16287e-06
2.28871e-06
2.40622e-06
2.5145e-06
2.61572e-06
2.71235e-06
2.80428e-06
2.89192e-06
2.97546e-06
3.05542e-06
3.13286e-06
3.21049e-06
3.29337e-06
3.38732e-06
3.49296e-06
3.60851e-06
3.73874e-06
3.88793e-06
4.06048e-06
4.26235e-06
4.50185e-06
4.77842e-06
5.07354e-06
5.37118e-06
5.73219e-06
4.82568e-06
2.90484e-06
1.5025e-06
8.64684e-07
5.38501e-07
3.55628e-07
2.43393e-07
1.70064e-07
1.25505e-07
1.19436e-07
1.98202e-07
4.61307e-07
1.09773e-06
2.20558e-06
1.49772e-06
8.82698e-07
4.97142e-07
2.43274e-07
8.86405e-08
1.93032e-08
2.24479e-08
8.42603e-08
1.91406e-07
3.32463e-07
4.94699e-07
6.68592e-07
8.43678e-07
1.01757e-06
1.18775e-06
1.35245e-06
1.51444e-06
1.67387e-06
1.83225e-06
1.98696e-06
2.13603e-06
2.27603e-06
2.40617e-06
2.52636e-06
2.63856e-06
2.742e-06
2.83873e-06
2.93187e-06
3.02487e-06
3.12103e-06
3.22246e-06
3.32937e-06
3.44069e-06
3.55726e-06
3.68272e-06
3.81722e-06
3.96154e-06
4.12332e-06
4.30783e-06
4.52188e-06
4.7711e-06
5.06076e-06
5.39153e-06
5.7499e-06
6.1253e-06
6.61375e-06
5.82528e-06
3.78936e-06
2.11606e-06
1.27645e-06
8.09411e-07
5.29276e-07
3.48135e-07
2.25167e-07
1.45129e-07
1.13882e-07
1.73519e-07
4.15391e-07
1.01453e-06
2.06674e-06
1.40161e-06
6.96456e-07
3.02544e-07
8.73438e-08
8.69105e-09
2.23405e-08
8.14031e-08
1.7e-07
2.83205e-07
4.17214e-07
5.64358e-07
7.20795e-07
8.79762e-07
1.03798e-06
1.19129e-06
1.33851e-06
1.4806e-06
1.61704e-06
1.75058e-06
1.88178e-06
2.01153e-06
2.13833e-06
2.261e-06
2.37585e-06
2.48197e-06
2.58159e-06
2.67654e-06
2.76651e-06
2.85209e-06
2.93335e-06
3.01111e-06
3.08623e-06
3.16174e-06
3.24181e-06
3.33233e-06
3.43349e-06
3.54453e-06
3.66876e-06
3.81129e-06
3.97544e-06
4.16845e-06
4.39741e-06
4.66643e-06
4.96548e-06
5.30491e-06
5.78623e-06
5.30462e-06
3.51252e-06
1.93429e-06
1.12742e-06
6.86585e-07
4.3096e-07
2.73795e-07
1.75485e-07
1.23298e-07
1.29061e-07
2.44214e-07
5.71825e-07
1.27786e-06
2.32618e-06
1.54467e-06
8.4862e-07
4.54808e-07
2.13167e-07
7.32264e-08
1.53538e-08
2.5909e-08
9.16906e-08
2.0011e-07
3.40661e-07
5.01004e-07
6.72271e-07
8.44266e-07
1.01485e-06
1.18162e-06
1.3432e-06
1.50199e-06
1.65812e-06
1.8126e-06
1.96326e-06
2.10833e-06
2.245e-06
2.37266e-06
2.49117e-06
2.60203e-06
2.70427e-06
2.79965e-06
2.89097e-06
2.98174e-06
3.07484e-06
3.17274e-06
3.27565e-06
3.38319e-06
3.49587e-06
3.61722e-06
3.7467e-06
3.88545e-06
4.04033e-06
4.21703e-06
4.42118e-06
4.65965e-06
4.93726e-06
5.25946e-06
5.62199e-06
6.04357e-06
6.6648e-06
6.33046e-06
4.44183e-06
2.59276e-06
1.57122e-06
9.76055e-07
6.13017e-07
3.80366e-07
2.28598e-07
1.39102e-07
1.18967e-07
2.14462e-07
5.19828e-07
1.18858e-06
2.1883e-06
1.43561e-06
6.78913e-07
2.84303e-07
8.17023e-08
9.54969e-09
2.47201e-08
8.68243e-08
1.77901e-07
2.91991e-07
4.25543e-07
5.71153e-07
7.25203e-07
8.81256e-07
1.03611e-06
1.18596e-06
1.33008e-06
1.46949e-06
1.6039e-06
1.73529e-06
1.86412e-06
1.99095e-06
2.11464e-06
2.23421e-06
2.3464e-06
2.45026e-06
2.54814e-06
2.64135e-06
2.72935e-06
2.81288e-06
2.89192e-06
2.96752e-06
3.04037e-06
3.1137e-06
3.19086e-06
3.27778e-06
3.37436e-06
3.48075e-06
3.59908e-06
3.73503e-06
3.89115e-06
4.07573e-06
4.29522e-06
4.55819e-06
4.86306e-06
5.24283e-06
5.83063e-06
5.70614e-06
4.07032e-06
2.36593e-06
1.40228e-06
8.44062e-07
5.10508e-07
3.04944e-07
1.80467e-07
1.21823e-07
1.41838e-07
2.94234e-07
6.78705e-07
1.42655e-06
2.38748e-06
1.57061e-06
8.16684e-07
4.16724e-07
1.8627e-07
5.9872e-08
1.28072e-08
3.04554e-08
1.0004e-07
2.09673e-07
3.49645e-07
5.08123e-07
6.76687e-07
8.45626e-07
1.01285e-06
1.17624e-06
1.33471e-06
1.49028e-06
1.64311e-06
1.79378e-06
1.94053e-06
2.08174e-06
2.21516e-06
2.34029e-06
2.45698e-06
2.56635e-06
2.66727e-06
2.76127e-06
2.8508e-06
2.93938e-06
3.02954e-06
3.124e-06
3.22297e-06
3.32666e-06
3.43523e-06
3.55214e-06
3.67638e-06
3.80941e-06
3.95749e-06
4.12649e-06
4.3211e-06
4.54925e-06
4.81584e-06
5.13092e-06
5.49925e-06
5.96449e-06
6.70062e-06
6.74111e-06
5.02386e-06
3.05402e-06
1.86804e-06
1.14604e-06
6.97761e-07
4.11982e-07
2.31408e-07
1.34272e-07
1.27954e-07
2.60316e-07
6.21909e-07
1.33356e-06
2.25337e-06
1.44792e-06
6.61147e-07
2.67593e-07
7.60678e-08
1.03968e-08
2.78653e-08
9.27488e-08
1.86168e-07
3.01178e-07
4.3426e-07
5.7843e-07
7.30076e-07
8.83285e-07
1.03481e-06
1.18136e-06
1.32251e-06
1.45925e-06
1.59152e-06
1.7207e-06
1.84713e-06
1.97111e-06
2.0918e-06
2.20837e-06
2.3179e-06
2.41944e-06
2.51544e-06
2.60684e-06
2.69287e-06
2.77434e-06
2.85121e-06
2.92468e-06
2.99532e-06
3.0664e-06
3.14066e-06
3.22381e-06
3.31576e-06
3.41737e-06
3.5299e-06
3.65935e-06
3.80779e-06
3.98431e-06
4.1953e-06
4.45333e-06
4.76497e-06
5.18177e-06
5.85989e-06
6.02436e-06
4.55789e-06
2.7778e-06
1.67742e-06
1.00499e-06
5.91762e-07
3.361e-07
1.85049e-07
1.20948e-07
1.56583e-07
3.44712e-07
7.75057e-07
1.53705e-06
2.3949e-06
1.57363e-06
7.85139e-07
3.82192e-07
1.62412e-07
4.85914e-08
1.17227e-08
3.6124e-08
1.09327e-07
2.20098e-07
3.59378e-07
5.16007e-07
6.81784e-07
8.47673e-07
1.01151e-06
1.17158e-06
1.32695e-06
1.47931e-06
1.62885e-06
1.77582e-06
1.91878e-06
2.05629e-06
2.18656e-06
2.30914e-06
2.42389e-06
2.53161e-06
2.6311e-06
2.72366e-06
2.81145e-06
2.89788e-06
2.98522e-06
3.07633e-06
3.17146e-06
3.27121e-06
3.37555e-06
3.48775e-06
3.60659e-06
3.73377e-06
3.87514e-06
4.03653e-06
4.22194e-06
4.44018e-06
4.69668e-06
5.00565e-06
5.38046e-06
5.88483e-06
6.71587e-06
7.05345e-06
5.51766e-06
3.48156e-06
2.15586e-06
1.31402e-06
7.81406e-07
4.425e-07
2.33759e-07
1.30554e-07
1.3968e-07
3.07581e-07
7.14837e-07
1.44269e-06
2.26682e-06
1.43781e-06
6.4152e-07
2.51776e-07
7.05186e-08
1.14137e-08
3.17693e-08
9.92471e-08
1.94819e-07
3.10758e-07
4.4334e-07
5.86119e-07
7.35355e-07
8.85769e-07
1.03405e-06
1.17747e-06
1.31577e-06
1.44989e-06
1.57992e-06
1.70682e-06
1.83079e-06
1.95199e-06
2.06974e-06
2.1834e-06
2.29027e-06
2.38944e-06
2.48344e-06
2.57295e-06
2.65701e-06
2.73642e-06
2.81119e-06
2.88253e-06
2.95104e-06
3.01981e-06
3.09121e-06
3.17051e-06
3.25784e-06
3.35453e-06
3.4614e-06
3.58437e-06
3.72552e-06
3.89428e-06
4.09763e-06
4.3514e-06
4.66999e-06
5.11904e-06
5.86991e-06
6.25806e-06
4.96223e-06
3.15365e-06
1.94198e-06
1.16371e-06
6.72392e-07
3.66649e-07
1.89298e-07
1.20449e-07
1.71803e-07
3.91991e-07
8.55065e-07
1.60625e-06
2.35523e-06
1.55332e-06
7.52322e-07
3.50435e-07
1.41304e-07
3.93274e-08
1.21003e-08
4.29182e-08
1.19533e-07
2.31372e-07
3.69842e-07
5.24595e-07
6.87503e-07
8.50319e-07
1.01078e-06
1.16762e-06
1.31991e-06
1.46908e-06
1.61533e-06
1.7587e-06
1.89799e-06
2.03194e-06
2.15911e-06
2.27913e-06
2.39183e-06
2.49776e-06
2.59573e-06
2.68678e-06
2.77287e-06
2.8572e-06
2.94187e-06
3.0297e-06
3.1211e-06
3.21686e-06
3.31692e-06
3.42422e-06
3.53758e-06
3.65879e-06
3.79354e-06
3.9474e-06
4.12398e-06
4.33265e-06
4.57987e-06
4.88332e-06
5.26442e-06
5.80192e-06
6.70673e-06
7.26861e-06
5.91293e-06
3.86048e-06
2.42471e-06
1.47497e-06
8.62042e-07
4.71529e-07
2.35805e-07
1.27739e-07
1.52661e-07
3.52631e-07
7.9285e-07
1.51265e-06
2.23492e-06
1.40583e-06
6.18665e-07
2.36238e-07
6.50688e-08
1.27117e-08
3.63907e-08
1.06343e-07
2.03863e-07
3.20704e-07
4.52757e-07
5.94154e-07
7.40985e-07
8.88638e-07
1.03378e-06
1.17424e-06
1.30979e-06
1.44134e-06
1.56905e-06
1.69361e-06
1.81508e-06
1.93353e-06
2.04838e-06
2.15919e-06
2.26339e-06
2.36011e-06
2.45199e-06
2.53953e-06
2.62158e-06
2.69892e-06
2.77165e-06
2.84089e-06
2.90734e-06
2.97376e-06
3.04239e-06
3.11783e-06
3.2006e-06
3.2923e-06
3.39362e-06
3.51018e-06
3.64436e-06
3.80567e-06
4.00209e-06
4.25197e-06
4.57686e-06
5.05224e-06
5.85751e-06
6.41e-06
5.27738e-06
3.48133e-06
2.18659e-06
1.31523e-06
7.50395e-07
3.96191e-07
1.93334e-07
1.20014e-07
1.85914e-07
4.32533e-07
9.14339e-07
1.63391e-06
2.27556e-06
1.51056e-06
7.16885e-07
3.20668e-07
1.22589e-07
3.19682e-08
1.38836e-08
5.0801e-08
1.30624e-07
2.43454e-07
3.81011e-07
5.3382e-07
6.9379e-07
8.53486e-07
1.01062e-06
1.16429e-06
1.31354e-06
1.45956e-06
1.60253e-06
1.7424e-06
1.87811e-06
2.00861e-06
2.13272e-06
2.25014e-06
2.36068e-06
2.46466e-06
2.56099e-06
2.65046e-06
2.73487e-06
2.81712e-06
2.89926e-06
2.98391e-06
3.0717e-06
3.16345e-06
3.25923e-06
3.36159e-06
3.46943e-06
3.5846e-06
3.71282e-06
3.85923e-06
4.02733e-06
4.22674e-06
4.46536e-06
4.76355e-06
5.14993e-06
5.71346e-06
6.67063e-06
7.39175e-06
6.20631e-06
4.18027e-06
2.66623e-06
1.62452e-06
9.38051e-07
4.98888e-07
2.37752e-07
1.25531e-07
1.65306e-07
3.9193e-07
8.51543e-07
1.54298e-06
2.16425e-06
1.35346e-06
5.91479e-07
2.20444e-07
5.9665e-08
1.43322e-08
4.16629e-08
1.14032e-07
2.1332e-07
3.30992e-07
4.62481e-07
6.02466e-07
7.46917e-07
8.91837e-07
1.03397e-06
1.1716e-06
1.30449e-06
1.43351e-06
1.55884e-06
1.68099e-06
1.79992e-06
1.91565e-06
2.02765e-06
2.13564e-06
2.23715e-06
2.33137e-06
2.42099e-06
2.50644e-06
2.58644e-06
2.66169e-06
2.73239e-06
2.79954e-06
2.86398e-06
2.92806e-06
2.99399e-06
3.06564e-06
3.14397e-06
3.23065e-06
3.32657e-06
3.43683e-06
3.56437e-06
3.7185e-06
3.90854e-06
4.15463e-06
4.48455e-06
4.97969e-06
5.82114e-06
6.48539e-06
5.50289e-06
3.75273e-06
2.40382e-06
1.45514e-06
8.24065e-07
4.2448e-07
1.97335e-07
1.19312e-07
1.97314e-07
4.63362e-07
9.50098e-07
1.62235e-06
2.16314e-06
1.44716e-06
6.77752e-07
2.92193e-07
1.05888e-07
2.63561e-08
1.6974e-08
5.97062e-08
1.42559e-07
2.5629e-07
3.92841e-07
5.43611e-07
7.00595e-07
8.57111e-07
1.01096e-06
1.16152e-06
1.30775e-06
1.45066e-06
1.59037e-06
1.72682e-06
1.85905e-06
1.9862e-06
2.10728e-06
2.22206e-06
2.33032e-06
2.43221e-06
2.52676e-06
2.61456e-06
2.69728e-06
2.77748e-06
2.85717e-06
2.93872e-06
3.023e-06
3.11078e-06
3.20233e-06
3.29977e-06
3.40214e-06
3.51126e-06
3.63302e-06
3.7721e-06
3.93203e-06
4.12251e-06
4.35302e-06
4.64593e-06
5.03592e-06
5.61781e-06
6.60654e-06
7.4302e-06
6.39975e-06
4.43446e-06
2.87422e-06
1.75902e-06
1.00814e-06
5.24501e-07
2.39839e-07
1.23593e-07
1.7599e-07
4.22477e-07
8.8808e-07
1.53569e-06
2.06166e-06
1.28305e-06
5.59297e-07
2.04049e-07
5.42196e-08
1.62407e-08
4.75165e-08
1.22296e-07
2.23199e-07
3.41593e-07
4.72471e-07
6.10983e-07
7.53079e-07
8.95282e-07
1.0345e-06
1.16939e-06
1.29969e-06
1.4262e-06
1.5491e-06
1.66881e-06
1.78516e-06
1.89817e-06
2.00735e-06
2.11257e-06
2.21137e-06
2.30302e-06
2.3903e-06
2.47357e-06
2.55146e-06
2.62458e-06
2.69325e-06
2.75829e-06
2.82073e-06
2.88248e-06
2.94577e-06
3.01373e-06
3.08777e-06
3.16948e-06
3.26016e-06
3.36425e-06
3.48548e-06
3.63274e-06
3.81683e-06
4.05898e-06
4.39216e-06
4.90006e-06
5.76016e-06
6.49149e-06
5.64298e-06
3.96389e-06
2.58846e-06
1.58018e-06
8.92152e-07
4.51443e-07
2.01548e-07
1.18131e-07
2.04575e-07
4.82125e-07
9.61264e-07
1.57569e-06
2.02491e-06
1.36577e-06
6.34305e-07
2.64506e-07
9.08194e-08
2.22786e-08
2.12571e-08
6.95573e-08
1.55291e-07
2.6981e-07
4.05271e-07
5.53887e-07
7.0784e-07
8.61107e-07
1.0117e-06
1.15918e-06
1.3024e-06
1.44221e-06
1.57868e-06
1.71177e-06
1.84059e-06
1.96449e-06
2.08257e-06
2.19467e-06
2.30056e-06
2.40025e-06
2.49291e-06
2.57895e-06
2.65993e-06
2.73808e-06
2.81538e-06
2.8939e-06
2.97475e-06
3.0586e-06
3.14595e-06
3.23854e-06
3.33554e-06
3.43863e-06
3.55404e-06
3.68592e-06
3.83803e-06
4.01988e-06
4.24267e-06
4.53002e-06
4.92147e-06
5.51376e-06
6.51449e-06
7.39319e-06
6.49975e-06
4.62087e-06
3.04465e-06
1.8759e-06
1.07135e-06
5.48437e-07
2.42353e-07
1.21695e-07
1.83245e-07
4.4187e-07
9.01257e-07
1.49456e-06
1.93369e-06
1.19752e-06
5.21906e-07
1.8676e-07
4.86722e-08
1.83855e-08
5.38876e-08
1.31104e-07
2.33519e-07
3.52493e-07
4.82698e-07
6.19657e-07
7.59407e-07
8.98902e-07
1.03529e-06
1.16751e-06
1.29525e-06
1.41927e-06
1.53969e-06
1.65689e-06
1.77062e-06
1.88093e-06
1.98731e-06
2.08976e-06
2.18585e-06
2.27489e-06
2.35973e-06
2.44076e-06
2.51649e-06
2.58746e-06
2.65408e-06
2.71703e-06
2.77746e-06
2.83688e-06
2.89758e-06
2.96197e-06
3.03186e-06
3.1087e-06
3.19428e-06
3.29242e-06
3.40764e-06
3.54835e-06
3.72679e-06
3.96469e-06
4.29893e-06
4.81267e-06
5.67521e-06
6.43675e-06
5.70481e-06
4.11419e-06
2.73722e-06
1.68801e-06
9.53701e-07
4.77102e-07
2.06259e-07
1.16408e-07
2.06739e-07
4.87311e-07
9.48054e-07
1.49929e-06
1.86743e-06
1.26956e-06
5.8638e-07
2.37177e-07
7.70827e-08
1.95258e-08
2.66187e-08
8.02693e-08
1.6877e-07
2.83952e-07
4.18242e-07
5.64584e-07
7.15453e-07
8.65399e-07
1.01274e-06
1.15715e-06
1.29735e-06
1.43408e-06
1.56732e-06
1.69709e-06
1.82257e-06
1.94325e-06
2.05835e-06
2.16774e-06
2.27118e-06
2.36857e-06
2.45924e-06
2.54345e-06
2.62266e-06
2.69877e-06
2.77371e-06
2.84928e-06
2.92676e-06
3.00673e-06
3.08995e-06
3.17777e-06
3.26949e-06
3.36664e-06
3.47578e-06
3.60063e-06
3.7452e-06
3.91879e-06
4.13409e-06
4.41544e-06
4.80581e-06
5.4007e-06
6.39565e-06
7.29075e-06
6.51554e-06
4.74062e-06
3.1753e-06
1.97339e-06
1.12701e-06
5.70811e-07
2.45589e-07
1.19739e-07
1.86056e-07
4.48527e-07
8.91141e-07
1.42465e-06
1.78657e-06
1.10009e-06
4.7954e-07
1.68369e-07
4.29928e-08
2.07253e-08
6.07365e-08
1.40444e-07
2.44289e-07
3.63697e-07
4.93153e-07
6.28467e-07
7.65859e-07
9.02645e-07
1.03625e-06
1.16583e-06
1.29104e-06
1.41256e-06
1.53045e-06
1.64509e-06
1.75618e-06
1.86375e-06
1.96735e-06
2.06705e-06
2.1604e-06
2.24676e-06
2.32913e-06
2.40785e-06
2.48137e-06
2.55018e-06
2.61473e-06
2.67561e-06
2.73399e-06
2.79114e-06
2.84925e-06
2.91022e-06
2.97612e-06
3.04825e-06
3.12886e-06
3.22129e-06
3.33076e-06
3.46524e-06
3.63817e-06
3.8714e-06
4.20425e-06
4.71712e-06
5.56759e-06
6.33027e-06
5.69747e-06
4.20589e-06
2.84898e-06
1.77712e-06
1.00815e-06
5.0158e-07
2.11799e-07
1.14199e-07
2.03416e-07
4.78492e-07
9.11945e-07
1.39888e-06
1.69698e-06
1.16194e-06
5.34257e-07
2.09879e-07
6.4445e-08
1.79148e-08
3.29622e-08
9.1779e-08
1.82943e-07
2.98665e-07
4.31708e-07
5.75663e-07
7.23387e-07
8.69935e-07
1.01401e-06
1.15533e-06
1.29249e-06
1.42611e-06
1.55614e-06
1.68261e-06
1.80479e-06
1.92229e-06
2.03442e-06
2.14107e-06
2.24197e-06
2.337e-06
2.42558e-06
2.50788e-06
2.58527e-06
2.65934e-06
2.73194e-06
2.80464e-06
2.87882e-06
2.95501e-06
3.03413e-06
3.1173e-06
3.20385e-06
3.29517e-06
3.39813e-06
3.51615e-06
3.65344e-06
3.81909e-06
4.02702e-06
4.30178e-06
4.68829e-06
5.27838e-06
6.25191e-06
7.13344e-06
6.4581e-06
4.79766e-06
3.26609e-06
2.05054e-06
1.1748e-06
5.91838e-07
2.4987e-07
1.17726e-07
1.83958e-07
4.4191e-07
8.59011e-07
1.33137e-06
1.62631e-06
9.94212e-07
4.3298e-07
1.48857e-07
3.72286e-08
2.32676e-08
6.8068e-08
1.50334e-07
2.55537e-07
3.75233e-07
5.0385e-07
6.37426e-07
7.72433e-07
9.06503e-07
1.03736e-06
1.1643e-06
1.28696e-06
1.40595e-06
1.52129e-06
1.63331e-06
1.74171e-06
1.84653e-06
1.94734e-06
2.04428e-06
2.13487e-06
2.2185e-06
2.29834e-06
2.37472e-06
2.446e-06
2.51262e-06
2.57509e-06
2.63389e-06
2.69022e-06
2.74511e-06
2.80066e-06
2.85836e-06
2.92041e-06
2.98805e-06
3.06386e-06
3.15087e-06
3.2548e-06
3.38335e-06
3.55075e-06
3.77877e-06
4.10765e-06
4.6135e-06
5.43947e-06
6.18093e-06
5.63069e-06
4.24351e-06
2.92428e-06
1.84689e-06
1.05515e-06
5.25027e-07
2.1852e-07
1.11736e-07
1.94721e-07
4.56476e-07
8.55614e-07
1.28021e-06
1.51917e-06
1.04651e-06
4.78747e-07
1.82498e-07
5.27909e-08
1.73289e-08
4.02347e-08
1.04054e-07
1.97776e-07
3.1392e-07
4.45641e-07
5.87107e-07
7.31624e-07
8.74705e-07
1.01548e-06
1.15365e-06
1.28774e-06
1.41824e-06
1.54505e-06
1.66823e-06
1.78713e-06
1.90146e-06
2.01061e-06
2.11448e-06
2.21279e-06
2.30537e-06
2.39177e-06
2.47212e-06
2.54762e-06
2.61964e-06
2.68992e-06
2.75982e-06
2.83076e-06
2.90326e-06
2.97836e-06
3.057e-06
3.1385e-06
3.22414e-06
3.32103e-06
3.43244e-06
3.56268e-06
3.72066e-06
3.92118e-06
4.18868e-06
4.56847e-06
5.14701e-06
6.08597e-06
6.93136e-06
6.33885e-06
4.798e-06
3.31846e-06
2.10715e-06
1.21459e-06
6.11736e-07
2.55515e-07
1.15819e-07
1.76971e-07
4.22704e-07
8.07334e-07
1.22016e-06
1.45829e-06
8.83279e-07
3.83427e-07
1.28468e-07
3.15557e-08
2.61512e-08
7.59574e-08
1.60844e-07
2.67324e-07
3.87154e-07
5.14821e-07
6.46569e-07
7.79154e-07
9.10492e-07
1.0386e-06
1.16288e-06
1.28298e-06
1.39939e-06
1.51212e-06
1.62146e-06
1.72713e-06
1.82916e-06
1.92717e-06
2.02134e-06
2.10915e-06
2.19001e-06
2.26729e-06
2.34128e-06
2.41028e-06
2.47471e-06
2.53506e-06
2.59179e-06
2.64604e-06
2.69869e-06
2.7517e-06
2.80626e-06
2.86463e-06
2.928e-06
2.99921e-06
3.0811e-06
3.17971e-06
3.3026e-06
3.46438e-06
3.68656e-06
4.00891e-06
4.50211e-06
5.29327e-06
5.99725e-06
5.51462e-06
4.23294e-06
2.96508e-06
1.89757e-06
1.09452e-06
5.47578e-07
2.26764e-07
1.09454e-07
1.81355e-07
4.22928e-07
7.82893e-07
1.14881e-06
1.33894e-06
9.26788e-07
4.21078e-07
1.55195e-07
4.21614e-08
1.77996e-08
4.84539e-08
1.1712e-07
2.13274e-07
3.29714e-07
4.6003e-07
5.98925e-07
7.40175e-07
8.79718e-07
1.01713e-06
1.15212e-06
1.28307e-06
1.4104e-06
1.53398e-06
1.65387e-06
1.76949e-06
1.88065e-06
1.98679e-06
2.08783e-06
2.18349e-06
2.27357e-06
2.35772e-06
2.43603e-06
2.50959e-06
2.57954e-06
2.6475e-06
2.71466e-06
2.78242e-06
2.85133e-06
2.92248e-06
2.99672e-06
3.07329e-06
3.15341e-06
3.2444e-06
3.34945e-06
3.47285e-06
3.62343e-06
3.81641e-06
4.07589e-06
4.44617e-06
5.00711e-06
5.9008e-06
6.69413e-06
6.16941e-06
4.74878e-06
3.3351e-06
2.14384e-06
1.24633e-06
6.3069e-07
2.62834e-07
1.14377e-07
1.65697e-07
3.92435e-07
7.3972e-07
1.09631e-06
1.2873e-06
7.70524e-07
3.32354e-07
1.07709e-07
2.6298e-08
2.96615e-08
8.45912e-08
1.72124e-07
2.79755e-07
3.9954e-07
5.26118e-07
6.55939e-07
7.86052e-07
9.14625e-07
1.03997e-06
1.16155e-06
1.27903e-06
1.39282e-06
1.5029e-06
1.60951e-06
1.7124e-06
1.81161e-06
1.90681e-06
1.99817e-06
2.08316e-06
2.16121e-06
2.23589e-06
2.30748e-06
2.37417e-06
2.43638e-06
2.4946e-06
2.54925e-06
2.6014e-06
2.65182e-06
2.7023e-06
2.75387e-06
2.80872e-06
2.86806e-06
2.93487e-06
3.01195e-06
3.10549e-06
3.22297e-06
3.37898e-06
3.59456e-06
3.90791e-06
4.38355e-06
5.13183e-06
5.78702e-06
5.35902e-06
4.18071e-06
2.97443e-06
1.92996e-06
1.12637e-06
5.69281e-07
2.36812e-07
1.07942e-07
1.6455e-07
3.80386e-07
6.9815e-07
1.00996e-06
1.16068e-06
8.06055e-07
3.62739e-07
1.28415e-07
3.27738e-08
1.95182e-08
5.77535e-08
1.31084e-07
2.29491e-07
3.46074e-07
4.74882e-07
6.11129e-07
7.49051e-07
8.84986e-07
1.01898e-06
1.1507e-06
1.27846e-06
1.40257e-06
1.52289e-06
1.63947e-06
1.75183e-06
1.8598e-06
1.96291e-06
2.06107e-06
2.15401e-06
2.24153e-06
2.32336e-06
2.39957e-06
2.4711e-06
2.53896e-06
2.60459e-06
2.66906e-06
2.73371e-06
2.79912e-06
2.8664e-06
2.93637e-06
3.00815e-06
3.08294e-06
3.1682e-06
3.26717e-06
3.38396e-06
3.52736e-06
3.71263e-06
3.96324e-06
4.32135e-06
4.85945e-06
5.69971e-06
6.43044e-06
5.96076e-06
4.65759e-06
3.3197e-06
2.16174e-06
1.27025e-06
6.48784e-07
2.72078e-07
1.13916e-07
1.51258e-07
3.53494e-07
6.60321e-07
9.64886e-07
1.1176e-06
6.58875e-07
2.81361e-07
8.74145e-08
2.19612e-08
3.42115e-08
9.42589e-08
1.84378e-07
2.92969e-07
4.12482e-07
5.37791e-07
6.6556e-07
7.93131e-07
9.18898e-07
1.04143e-06
1.16027e-06
1.27509e-06
1.38619e-06
1.49357e-06
1.59741e-06
1.69751e-06
1.79387e-06
1.88622e-06
1.97476e-06
2.05691e-06
2.1321e-06
2.20416e-06
2.27332e-06
2.33767e-06
2.39765e-06
2.45373e-06
2.50628e-06
2.55631e-06
2.60452e-06
2.6525e-06
2.70119e-06
2.75269e-06
2.80825e-06
2.87089e-06
2.94348e-06
3.03216e-06
3.14439e-06
3.29444e-06
3.50261e-06
3.80467e-06
4.25851e-06
4.95793e-06
5.55727e-06
5.17312e-06
4.09377e-06
2.95601e-06
1.94544e-06
1.15105e-06
5.90169e-07
2.48848e-07
1.07845e-07
1.45923e-07
3.3201e-07
6.06203e-07
8.68654e-07
9.88029e-07
6.87292e-07
3.05333e-07
1.02936e-07
2.50449e-08
2.28193e-08
6.83737e-08
1.46116e-07
2.46519e-07
3.6304e-07
4.90202e-07
6.2371e-07
7.5824e-07
8.90494e-07
1.02098e-06
1.14937e-06
1.27387e-06
1.39471e-06
1.51175e-06
1.62502e-06
1.73411e-06
1.83888e-06
1.93893e-06
2.03416e-06
2.12433e-06
2.20924e-06
2.28867e-06
2.36271e-06
2.43216e-06
2.49789e-06
2.56117e-06
2.62299e-06
2.6846e-06
2.74661e-06
2.81011e-06
2.87594e-06
2.94309e-06
3.01273e-06
3.0925e-06
3.18563e-06
3.29605e-06
3.43245e-06
3.60978e-06
3.8506e-06
4.19412e-06
4.705e-06
5.48602e-06
6.14814e-06
5.72302e-06
4.53218e-06
3.27646e-06
2.1625e-06
1.28685e-06
6.66063e-07
2.83394e-07
1.15006e-07
1.35165e-07
3.08894e-07
5.73761e-07
8.30686e-07
9.52753e-07
5.5093e-07
2.3198e-07
6.85552e-08
1.91811e-08
4.03061e-08
1.05308e-07
1.97822e-07
3.07101e-07
4.26061e-07
5.49882e-07
6.75448e-07
8.00392e-07
9.233e-07
1.04298e-06
1.15902e-06
1.27111e-06
1.37948e-06
1.4841e-06
1.58514e-06
1.68242e-06
1.77591e-06
1.86541e-06
1.95111e-06
2.0304e-06
2.1027e-06
2.17211e-06
2.23883e-06
2.30084e-06
2.35857e-06
2.41248e-06
2.46294e-06
2.51084e-06
2.55685e-06
2.60237e-06
2.6483e-06
2.69662e-06
2.74863e-06
2.80734e-06
2.8757e-06
2.95972e-06
3.06682e-06
3.21066e-06
3.41055e-06
3.69927e-06
4.12794e-06
4.77448e-06
5.3142e-06
4.96513e-06
3.97901e-06
2.91386e-06
1.94588e-06
1.16903e-06
6.10373e-07
2.63006e-07
1.09778e-07
1.27242e-07
2.81211e-07
5.1185e-07
7.29599e-07
8.23999e-07
5.73105e-07
2.50379e-07
7.96769e-08
1.95369e-08
2.81381e-08
8.06176e-08
1.62395e-07
2.64453e-07
3.80649e-07
5.05991e-07
6.36651e-07
7.67717e-07
8.96227e-07
1.02314e-06
1.14813e-06
1.2693e-06
1.38682e-06
1.50055e-06
1.61049e-06
1.71631e-06
1.81787e-06
1.91483e-06
2.00711e-06
2.09446e-06
2.17671e-06
2.25369e-06
2.32549e-06
2.39279e-06
2.45635e-06
2.51729e-06
2.57649e-06
2.63513e-06
2.69383e-06
2.75365e-06
2.8155e-06
2.87818e-06
2.94287e-06
3.01735e-06
3.10491e-06
3.20915e-06
3.33867e-06
3.50781e-06
3.73791e-06
4.06472e-06
4.54492e-06
5.26308e-06
5.85404e-06
5.46515e-06
4.38007e-06
3.2098e-06
2.14815e-06
1.29672e-06
6.82671e-07
2.96881e-07
1.18188e-07
1.19087e-07
2.61906e-07
4.84669e-07
6.98272e-07
7.95693e-07
4.48855e-07
1.85484e-07
5.20253e-08
1.85444e-08
4.83999e-08
1.18076e-07
2.12666e-07
3.22284e-07
4.40367e-07
5.62443e-07
6.85635e-07
8.07846e-07
9.27832e-07
1.0446e-06
1.15778e-06
1.26709e-06
1.37267e-06
1.4745e-06
1.57269e-06
1.66711e-06
1.75773e-06
1.84436e-06
1.92723e-06
2.00363e-06
2.07302e-06
2.13978e-06
2.20405e-06
2.26371e-06
2.3192e-06
2.37094e-06
2.41929e-06
2.46507e-06
2.50889e-06
2.55201e-06
2.59529e-06
2.64058e-06
2.68926e-06
2.74428e-06
2.80865e-06
2.88818e-06
2.9902e-06
3.12756e-06
3.31831e-06
3.59196e-06
3.99282e-06
4.58421e-06
5.06323e-06
4.74232e-06
3.84312e-06
2.85218e-06
1.93326e-06
1.18101e-06
6.3001e-07
2.7946e-07
1.14365e-07
1.10199e-07
2.31301e-07
4.19686e-07
5.97095e-07
6.71304e-07
4.65668e-07
1.99128e-07
5.94806e-08
1.6772e-08
3.58697e-08
9.4781e-08
1.80103e-07
2.83395e-07
3.9895e-07
5.22261e-07
6.49952e-07
7.77475e-07
9.02171e-07
1.02544e-06
1.14696e-06
1.26474e-06
1.37889e-06
1.48928e-06
1.59587e-06
1.6984e-06
1.79675e-06
1.89062e-06
1.97991e-06
2.06441e-06
2.14396e-06
2.21845e-06
2.28795e-06
2.35304e-06
2.41439e-06
2.47297e-06
2.5296e-06
2.58534e-06
2.64083e-06
2.69711e-06
2.75511e-06
2.81348e-06
2.87343e-06
2.94286e-06
3.02507e-06
3.12332e-06
3.24601e-06
3.40668e-06
3.62519e-06
3.93352e-06
4.38048e-06
5.03402e-06
5.55406e-06
5.19491e-06
4.20832e-06
3.12423e-06
2.12088e-06
1.30064e-06
6.98732e-07
3.12674e-07
1.24019e-07
1.04622e-07
2.15723e-07
3.97496e-07
5.71824e-07
6.49115e-07
3.54734e-07
1.42998e-07
3.85823e-08
2.05655e-08
5.88503e-08
1.32825e-07
2.29073e-07
3.38614e-07
4.55453e-07
5.75504e-07
6.96142e-07
8.15505e-07
9.32505e-07
1.04631e-06
1.15658e-06
1.26304e-06
1.36578e-06
1.46475e-06
1.56007e-06
1.6516e-06
1.73933e-06
1.82309e-06
1.90312e-06
1.97664e-06
2.04313e-06
2.10721e-06
2.16904e-06
2.22634e-06
2.27958e-06
2.32916e-06
2.37541e-06
2.41908e-06
2.46073e-06
2.5015e-06
2.54225e-06
2.58466e-06
2.63023e-06
2.68178e-06
2.74237e-06
2.81756e-06
2.91449e-06
3.04507e-06
3.22591e-06
3.48304e-06
3.85428e-06
4.38976e-06
4.80897e-06
4.51093e-06
3.69208e-06
2.77516e-06
1.90965e-06
1.18782e-06
6.49203e-07
2.9831e-07
1.22249e-07
9.63408e-08
1.8517e-07
3.33753e-07
4.74959e-07
5.32549e-07
3.67027e-07
1.52677e-07
4.30605e-08
1.72065e-08
4.63176e-08
1.1109e-07
1.99379e-07
3.03413e-07
4.17965e-07
5.39009e-07
6.63599e-07
7.87498e-07
9.08327e-07
1.0279e-06
1.14589e-06
1.26022e-06
1.37095e-06
1.47796e-06
1.58118e-06
1.68042e-06
1.77553e-06
1.86629e-06
1.95257e-06
2.0342e-06
2.11103e-06
2.18297e-06
2.25012e-06
2.31296e-06
2.37207e-06
2.4283e-06
2.48238e-06
2.5353e-06
2.58769e-06
2.64054e-06
2.69486e-06
2.7491e-06
2.80451e-06
2.86911e-06
2.94619e-06
3.03861e-06
3.1545e-06
3.30642e-06
3.51255e-06
3.80098e-06
4.21303e-06
4.80185e-06
5.25319e-06
4.91887e-06
4.02328e-06
3.02416e-06
2.08296e-06
1.2995e-06
7.14374e-07
3.30844e-07
1.33083e-07
9.32394e-08
1.73128e-07
3.16156e-07
4.55083e-07
5.15615e-07
2.70718e-07
1.05821e-07
2.90315e-08
2.57838e-08
7.19794e-08
1.4974e-07
2.47127e-07
3.56113e-07
4.71321e-07
5.8907e-07
7.06975e-07
8.23384e-07
9.37342e-07
1.04814e-06
1.15543e-06
1.25898e-06
1.35881e-06
1.4549e-06
1.5473e-06
1.63592e-06
1.72073e-06
1.80162e-06
1.87881e-06
1.94944e-06
2.01303e-06
2.07446e-06
2.13385e-06
2.18881e-06
2.23981e-06
2.28723e-06
2.33139e-06
2.37296e-06
2.41248e-06
2.45097e-06
2.48929e-06
2.529e-06
2.57164e-06
2.61991e-06
2.67691e-06
2.74789e-06
2.83967e-06
2.96316e-06
3.1334e-06
3.37293e-06
3.71344e-06
4.19352e-06
4.5553e-06
4.27625e-06
3.53128e-06
2.68676e-06
1.87723e-06
1.19028e-06
6.68159e-07
3.19521e-07
1.33874e-07
8.7116e-08
1.4521e-07
2.57224e-07
3.66353e-07
4.0999e-07
2.79309e-07
1.12294e-07
3.11783e-08
2.1329e-08
5.97568e-08
1.29696e-07
2.20284e-07
3.24509e-07
4.37667e-07
5.56209e-07
6.77573e-07
7.97781e-07
9.14699e-07
1.03052e-06
1.14494e-06
1.25575e-06
1.36303e-06
1.46662e-06
1.56646e-06
1.66237e-06
1.75424e-06
1.84186e-06
1.92512e-06
2.00386e-06
2.07795e-06
2.14733e-06
2.21209e-06
2.27263e-06
2.32947e-06
2.38335e-06
2.43493e-06
2.4851e-06
2.5345e-06
2.58407e-06
2.63486e-06
2.68515e-06
2.73623e-06
2.79622e-06
2.86837e-06
2.95511e-06
3.06417e-06
3.20708e-06
3.40017e-06
3.66767e-06
4.04393e-06
4.56927e-06
4.95559e-06
4.64249e-06
3.8305e-06
2.91375e-06
2.03669e-06
1.29418e-06
7.29803e-07
3.51328e-07
1.45777e-07
8.63073e-08
1.36424e-07
2.43755e-07
3.51178e-07
3.97477e-07
1.98896e-07
7.55048e-08
2.42926e-08
3.4778e-08
8.80711e-08
1.68926e-07
2.6685e-07
3.74784e-07
4.8798e-07
6.03169e-07
7.18184e-07
8.31552e-07
9.42407e-07
1.05012e-06
1.15438e-06
1.25494e-06
1.35182e-06
1.44496e-06
1.53441e-06
1.62009e-06
1.70197e-06
1.77998e-06
1.85433e-06
1.9221e-06
1.9828e-06
2.04158e-06
2.09856e-06
2.1512e-06
2.19998e-06
2.24525e-06
2.28734e-06
2.32684e-06
2.36427e-06
2.40055e-06
2.43653e-06
2.47369e-06
2.51359e-06
2.55878e-06
2.61233e-06
2.67917e-06
2.76574e-06
2.88186e-06
3.04093e-06
3.26209e-06
3.57146e-06
3.99769e-06
4.30546e-06
4.0426e-06
3.36532e-06
2.59063e-06
1.83813e-06
1.1892e-06
6.86997e-07
3.42993e-07
1.49479e-07
8.3477e-08
1.13251e-07
1.92376e-07
2.73531e-07
3.05375e-07
2.04548e-07
7.94782e-08
2.47009e-08
2.96686e-08
7.64284e-08
1.50674e-07
2.42823e-07
3.46664e-07
4.58044e-07
5.73861e-07
6.91896e-07
8.08368e-07
9.21342e-07
1.03336e-06
1.14415e-06
1.2514e-06
1.35516e-06
1.4553e-06
1.55173e-06
1.6443e-06
1.7329e-06
1.81737e-06
1.8976e-06
1.97344e-06
2.04478e-06
2.11158e-06
2.17392e-06
2.23215e-06
2.2867e-06
2.33823e-06
2.38736e-06
2.43486e-06
2.48138e-06
2.52781e-06
2.57522e-06
2.62176e-06
2.66871e-06
2.72431e-06
2.79171e-06
2.87288e-06
2.97509e-06
3.10873e-06
3.28827e-06
3.5342e-06
3.87455e-06
4.33872e-06
4.66464e-06
4.37019e-06
3.63471e-06
2.79678e-06
1.98428e-06
1.28555e-06
7.4515e-07
3.74005e-07
1.62308e-07
8.47318e-08
1.07383e-07
1.82525e-07
2.62351e-07
2.96484e-07
1.40921e-07
5.34689e-08
2.51621e-08
4.79694e-08
1.07274e-07
1.90394e-07
2.88237e-07
3.94654e-07
5.05502e-07
6.17898e-07
7.29884e-07
8.40119e-07
9.47793e-07
1.05235e-06
1.15349e-06
1.251e-06
1.34484e-06
1.43499e-06
1.52144e-06
1.60416e-06
1.6831e-06
1.75822e-06
1.82975e-06
1.89465e-06
1.95248e-06
2.00864e-06
2.06323e-06
2.11358e-06
2.16017e-06
2.20333e-06
2.24338e-06
2.28083e-06
2.31622e-06
2.35037e-06
2.38413e-06
2.41888e-06
2.45619e-06
2.49846e-06
2.5487e-06
2.61146e-06
2.69272e-06
2.80122e-06
2.94868e-06
3.15106e-06
3.42946e-06
3.80419e-06
4.06207e-06
3.81348e-06
3.19816e-06
2.48998e-06
1.79436e-06
1.18541e-06
7.05817e-07
3.6868e-07
1.69248e-07
8.59185e-08
9.03862e-08
1.4065e-07
1.97722e-07
2.19743e-07
1.44343e-07
5.55895e-08
2.43671e-08
4.25964e-08
9.64419e-08
1.7401e-07
2.66974e-07
3.69897e-07
4.79148e-07
5.92042e-07
7.0666e-07
8.19351e-07
9.28327e-07
1.03649e-06
1.14358e-06
1.24721e-06
1.34741e-06
1.44405e-06
1.53703e-06
1.62624e-06
1.71157e-06
1.79288e-06
1.87006e-06
1.94299e-06
2.01157e-06
2.07578e-06
2.13568e-06
2.19158e-06
2.24386e-06
2.29307e-06
2.33978e-06
2.3847e-06
2.42845e-06
2.47188e-06
2.5161e-06
2.55907e-06
2.60209e-06
2.65348e-06
2.71631e-06
2.79201e-06
2.88734e-06
3.01152e-06
3.17715e-06
3.40124e-06
3.70617e-06
4.11231e-06
4.38306e-06
4.10547e-06
3.43984e-06
2.67655e-06
1.92783e-06
1.27445e-06
7.60513e-07
3.98803e-07
1.82827e-07
8.89726e-08
8.70616e-08
1.33884e-07
1.89856e-07
2.13727e-07
9.73615e-08
4.04182e-08
3.18851e-08
6.53358e-08
1.29494e-07
2.14051e-07
3.11256e-07
4.15773e-07
5.23996e-07
6.33392e-07
7.42196e-07
8.49175e-07
9.53567e-07
1.05487e-06
1.1528e-06
1.24717e-06
1.33791e-06
1.425e-06
1.50843e-06
1.58816e-06
1.66415e-06
1.73639e-06
1.8051e-06
1.86716e-06
1.92215e-06
1.9757e-06
2.02794e-06
2.07603e-06
2.12046e-06
2.16155e-06
2.1996e-06
2.23507e-06
2.26848e-06
2.30058e-06
2.33222e-06
2.3647e-06
2.39955e-06
2.43905e-06
2.48608e-06
2.54479e-06
2.62065e-06
2.72134e-06
2.85689e-06
3.0404e-06
3.28851e-06
3.61473e-06
3.82724e-06
3.59163e-06
3.03291e-06
2.38757e-06
1.74772e-06
1.1797e-06
7.24719e-07
3.96501e-07
1.93193e-07
9.47713e-08
7.71224e-08
1.02613e-07
1.39163e-07
1.53147e-07
9.91873e-08
4.1271e-08
3.0366e-08
6.00435e-08
1.19668e-07
1.99588e-07
2.92694e-07
3.94246e-07
5.01078e-07
6.10869e-07
7.21965e-07
8.30798e-07
9.35713e-07
1.03994e-06
1.14327e-06
1.24321e-06
1.33979e-06
1.43289e-06
1.52241e-06
1.60824e-06
1.69028e-06
1.76842e-06
1.84256e-06
1.91258e-06
1.9784e-06
2.04001e-06
2.09747e-06
2.15103e-06
2.20103e-06
2.24796e-06
2.29232e-06
2.33474e-06
2.37585e-06
2.41643e-06
2.45762e-06
2.49722e-06
2.53649e-06
2.58387e-06
2.64226e-06
2.71258e-06
2.80099e-06
2.9156e-06
3.06714e-06
3.26946e-06
3.54003e-06
3.89189e-06
4.11293e-06
3.85099e-06
3.24907e-06
2.55587e-06
1.86921e-06
1.26173e-06
7.76001e-07
4.25626e-07
2.07319e-07
9.93346e-08
7.59467e-08
9.84035e-08
1.33969e-07
1.49337e-07
6.7694e-08
3.61801e-08
4.42541e-08
8.65972e-08
1.54516e-07
2.39765e-07
3.35837e-07
4.38127e-07
5.43486e-07
6.49687e-07
7.55138e-07
8.58721e-07
9.59719e-07
1.05767e-06
1.1523e-06
1.24345e-06
1.33104e-06
1.41502e-06
1.4954e-06
1.57213e-06
1.64518e-06
1.71453e-06
1.78045e-06
1.8397e-06
1.89185e-06
1.94284e-06
1.99277e-06
2.03864e-06
2.08095e-06
2.12001e-06
2.15609e-06
2.18964e-06
2.22114e-06
2.25128e-06
2.28092e-06
2.31125e-06
2.34379e-06
2.38064e-06
2.42452e-06
2.4792e-06
2.5496e-06
2.64234e-06
2.76587e-06
2.93068e-06
3.14963e-06
3.43074e-06
3.60255e-06
3.37915e-06
2.87217e-06
2.2857e-06
1.69977e-06
1.17282e-06
7.43766e-07
4.26314e-07
2.21147e-07
1.10338e-07
7.35235e-08
7.81843e-08
9.73744e-08
1.0463e-07
6.84911e-08
3.62877e-08
4.24365e-08
8.16871e-08
1.45864e-07
2.27261e-07
3.19907e-07
4.19692e-07
5.2385e-07
6.30363e-07
7.37812e-07
8.4269e-07
9.43465e-07
1.04369e-06
1.1432e-06
1.2394e-06
1.33232e-06
1.42184e-06
1.50788e-06
1.59032e-06
1.66908e-06
1.74405e-06
1.81515e-06
1.88227e-06
1.94534e-06
2.00435e-06
2.05937e-06
2.1106e-06
2.15834e-06
2.20301e-06
2.24508e-06
2.28511e-06
2.32369e-06
2.36157e-06
2.3999e-06
2.43632e-06
2.47203e-06
2.51557e-06
2.56966e-06
2.63468e-06
2.71618e-06
2.82116e-06
2.95861e-06
3.13953e-06
3.37724e-06
3.67896e-06
3.85585e-06
3.60873e-06
3.0649e-06
2.43706e-06
1.80998e-06
1.24813e-06
7.91676e-07
4.54327e-07
2.35603e-07
1.16109e-07
7.41003e-08
7.60234e-08
9.42661e-08
1.02438e-07
5.09947e-08
4.02769e-08
6.19491e-08
1.1147e-07
1.82135e-07
2.67408e-07
3.61899e-07
4.61658e-07
5.63926e-07
6.66738e-07
7.68673e-07
8.68725e-07
9.66222e-07
1.06073e-06
1.15199e-06
1.23985e-06
1.32423e-06
1.40508e-06
1.48238e-06
1.5561e-06
1.62621e-06
1.69271e-06
1.75586e-06
1.81232e-06
1.8617e-06
1.91015e-06
1.95779e-06
2.00149e-06
2.04173e-06
2.0788e-06
2.11298e-06
2.14466e-06
2.17432e-06
2.2026e-06
2.23033e-06
2.25865e-06
2.28897e-06
2.32328e-06
2.36408e-06
2.41476e-06
2.47965e-06
2.56438e-06
2.67592e-06
2.82249e-06
3.01374e-06
3.25339e-06
3.38922e-06
3.17753e-06
2.71783e-06
2.18624e-06
1.6518e-06
1.16537e-06
7.62937e-07
4.57958e-07
2.52895e-07
1.32568e-07
7.94541e-08
6.69138e-08
7.14455e-08
7.28807e-08
5.12542e-08
4.00978e-08
6.0204e-08
1.07201e-07
1.74793e-07
2.56881e-07
3.48521e-07
4.46176e-07
5.47413e-07
6.50474e-07
7.54148e-07
8.5498e-07
9.5155e-07
1.04772e-06
1.14336e-06
1.23578e-06
1.325e-06
1.41093e-06
1.49347e-06
1.57252e-06
1.648e-06
1.71982e-06
1.78789e-06
1.85212e-06
1.91246e-06
1.96889e-06
2.02147e-06
2.07038e-06
2.11589e-06
2.15835e-06
2.19818e-06
2.23591e-06
2.27208e-06
2.30742e-06
2.34307e-06
2.37648e-06
2.40882e-06
2.44868e-06
2.49858e-06
2.5584e-06
2.63302e-06
2.72841e-06
2.85193e-06
3.01211e-06
3.2188e-06
3.47475e-06
3.6129e-06
3.38007e-06
2.88919e-06
2.32196e-06
1.75146e-06
1.23429e-06
8.07527e-07
4.84742e-07
2.67457e-07
1.39248e-07
8.13953e-08
6.63278e-08
6.98944e-08
7.17851e-08
4.62969e-08
5.21803e-08
8.46838e-08
1.39755e-07
2.12214e-07
2.96895e-07
3.89378e-07
4.86299e-07
5.85247e-07
6.84486e-07
7.82758e-07
8.79157e-07
9.73053e-07
1.06403e-06
1.15186e-06
1.23638e-06
1.31751e-06
1.39519e-06
1.46941e-06
1.54013e-06
1.60731e-06
1.67098e-06
1.73139e-06
1.7851e-06
1.83172e-06
1.87769e-06
1.9231e-06
1.96467e-06
2.00289e-06
2.03803e-06
2.07036e-06
2.10024e-06
2.12813e-06
2.15464e-06
2.18057e-06
2.20697e-06
2.23519e-06
2.26703e-06
2.30481e-06
2.35151e-06
2.41088e-06
2.48763e-06
2.58738e-06
2.71638e-06
2.88165e-06
3.08366e-06
3.18805e-06
2.98779e-06
2.57137e-06
2.09062e-06
1.60489e-06
1.15787e-06
7.8226e-07
4.9125e-07
2.88151e-07
1.61066e-07
9.47036e-08
6.7962e-08
6.02905e-08
5.66179e-08
4.64394e-08
5.21089e-08
8.33311e-08
1.36347e-07
2.0629e-07
2.88348e-07
3.78468e-07
4.73628e-07
5.71694e-07
6.71132e-07
7.70921e-07
8.67626e-07
9.59924e-07
1.05199e-06
1.14373e-06
1.23233e-06
1.31784e-06
1.40017e-06
1.47921e-06
1.55488e-06
1.6271e-06
1.69578e-06
1.76084e-06
1.82221e-06
1.87984e-06
1.9337e-06
1.98387e-06
2.03049e-06
2.07379e-06
2.11408e-06
2.15176e-06
2.18727e-06
2.22116e-06
2.25411e-06
2.28723e-06
2.31781e-06
2.34692e-06
2.38326e-06
2.42911e-06
2.4838e-06
2.55163e-06
2.63755e-06
2.74747e-06
2.88782e-06
3.06559e-06
3.2802e-06
3.3848e-06
3.16588e-06
2.72327e-06
2.21197e-06
1.69471e-06
1.2207e-06
8.23583e-07
5.16691e-07
3.02597e-07
1.68359e-07
9.76477e-08
6.85269e-08
5.98454e-08
5.61744e-08
5.27074e-08
7.14297e-08
1.12243e-07
1.71318e-07
2.44639e-07
3.28127e-07
4.18181e-07
5.11961e-07
6.07366e-07
7.02869e-07
7.97352e-07
8.8999e-07
9.80192e-07
1.06758e-06
1.15191e-06
1.23304e-06
1.31089e-06
1.38539e-06
1.45652e-06
1.52424e-06
1.58852e-06
1.64938e-06
1.70709e-06
1.75809e-06
1.80203e-06
1.84555e-06
1.88877e-06
1.92827e-06
1.96453e-06
1.9978e-06
2.02833e-06
2.05648e-06
2.08268e-06
2.10752e-06
2.13173e-06
2.15631e-06
2.18251e-06
2.21198e-06
2.24678e-06
2.28952e-06
2.34341e-06
2.41228e-06
2.50056e-06
2.61287e-06
2.75407e-06
2.92224e-06
2.99955e-06
2.81056e-06
2.4337e-06
1.9999e-06
1.55984e-06
1.15073e-06
8.01825e-07
5.25904e-07
3.26571e-07
1.95227e-07
1.18608e-07
8.02689e-08
6.27158e-08
5.45806e-08
5.30823e-08
7.17983e-08
1.1155e-07
1.6895e-07
2.40216e-07
3.21549e-07
4.09649e-07
5.01958e-07
5.96611e-07
6.92273e-07
7.88081e-07
8.80587e-07
9.68563e-07
1.05648e-06
1.1443e-06
1.22907e-06
1.31086e-06
1.38958e-06
1.46514e-06
1.53744e-06
1.60642e-06
1.67199e-06
1.73407e-06
1.79261e-06
1.84755e-06
1.89888e-06
1.94667e-06
1.99102e-06
2.03215e-06
2.07034e-06
2.10592e-06
2.13933e-06
2.17105e-06
2.20175e-06
2.2325e-06
2.2604e-06
2.28646e-06
2.31941e-06
2.36131e-06
2.41099e-06
2.47213e-06
2.5488e-06
2.6456e-06
2.7672e-06
2.91831e-06
3.096e-06
3.1719e-06
2.9666e-06
2.56796e-06
2.10807e-06
1.64054e-06
1.20782e-06
8.39945e-07
5.49896e-07
3.4069e-07
2.02849e-07
1.22218e-07
8.16157e-08
6.29924e-08
5.44213e-08
6.93229e-08
9.75414e-08
1.44364e-07
2.05981e-07
2.79258e-07
3.60974e-07
4.48203e-07
5.38557e-07
6.30219e-07
7.21838e-07
8.12414e-07
9.0119e-07
9.87617e-07
1.07134e-06
1.15213e-06
1.22985e-06
1.30439e-06
1.3757e-06
1.44375e-06
1.50848e-06
1.56988e-06
1.62798e-06
1.68304e-06
1.73137e-06
1.77265e-06
1.81379e-06
1.85488e-06
1.89237e-06
1.92672e-06
1.95818e-06
1.98699e-06
2.01349e-06
2.03809e-06
2.06133e-06
2.08392e-06
2.10676e-06
2.13103e-06
2.15818e-06
2.19005e-06
2.22888e-06
2.27735e-06
2.33853e-06
2.4158e-06
2.51243e-06
2.63158e-06
2.76968e-06
2.82393e-06
2.64613e-06
2.30544e-06
1.91478e-06
1.51728e-06
1.14432e-06
8.21674e-07
5.6157e-07
3.6772e-07
2.3435e-07
1.5028e-07
1.02775e-07
7.73885e-08
6.54351e-08
7.02099e-08
9.86195e-08
1.44546e-07
2.04792e-07
2.7639e-07
3.56337e-07
4.4195e-07
5.31078e-07
6.22097e-07
7.13847e-07
8.05584e-07
8.93821e-07
9.77429e-07
1.06118e-06
1.14505e-06
1.22599e-06
1.30406e-06
1.37919e-06
1.45127e-06
1.52024e-06
1.586e-06
1.64849e-06
1.70763e-06
1.76337e-06
1.81566e-06
1.8645e-06
1.90994e-06
1.95207e-06
1.99109e-06
2.02722e-06
2.06079e-06
2.09218e-06
2.12186e-06
2.15045e-06
2.17897e-06
2.20435e-06
2.22749e-06
2.2572e-06
2.29528e-06
2.34007e-06
2.39468e-06
2.46239e-06
2.54667e-06
2.65075e-06
2.77756e-06
2.92258e-06
2.97426e-06
2.7823e-06
2.42375e-06
2.01093e-06
1.58953e-06
1.19596e-06
8.56655e-07
5.84019e-07
3.81317e-07
2.42041e-07
1.54252e-07
1.04575e-07
7.80615e-08
6.52648e-08
9.51308e-08
1.29925e-07
1.80696e-07
2.43508e-07
3.15894e-07
3.95297e-07
4.79337e-07
5.66011e-07
6.53744e-07
7.41345e-07
8.27904e-07
9.12727e-07
9.95314e-07
1.07533e-06
1.15254e-06
1.22681e-06
1.29804e-06
1.36616e-06
1.43113e-06
1.49291e-06
1.55146e-06
1.60683e-06
1.65927e-06
1.705e-06
1.7437e-06
1.7825e-06
1.82151e-06
1.85706e-06
1.88956e-06
1.91928e-06
1.94645e-06
1.97137e-06
1.99444e-06
2.01617e-06
2.03722e-06
2.05841e-06
2.0808e-06
2.1057e-06
2.13469e-06
2.16968e-06
2.21284e-06
2.26659e-06
2.3334e-06
2.41548e-06
2.51464e-06
2.62627e-06
2.66121e-06
2.49446e-06
2.18684e-06
1.83571e-06
1.47764e-06
1.13884e-06
8.41735e-07
5.97908e-07
4.11092e-07
2.77712e-07
1.88751e-07
1.3434e-07
1.02853e-07
8.77215e-08
9.67457e-08
1.31923e-07
1.81917e-07
2.43599e-07
3.1461e-07
3.92558e-07
4.75262e-07
5.60912e-07
6.48097e-07
7.35806e-07
8.23384e-07
9.07295e-07
9.86504e-07
1.06606e-06
1.14599e-06
1.2231e-06
1.29746e-06
1.36901e-06
1.43766e-06
1.50331e-06
1.56589e-06
1.62534e-06
1.68158e-06
1.73457e-06
1.78426e-06
1.83065e-06
1.87378e-06
1.91374e-06
1.95069e-06
1.98484e-06
2.01648e-06
2.04596e-06
2.07371e-06
2.10032e-06
2.12675e-06
2.14974e-06
2.17012e-06
2.1967e-06
2.23108e-06
2.27113e-06
2.31942e-06
2.37853e-06
2.451e-06
2.53889e-06
2.64377e-06
2.76019e-06
2.79171e-06
2.61281e-06
2.29075e-06
1.92092e-06
1.54209e-06
1.18535e-06
8.73653e-07
6.18737e-07
4.23996e-07
2.85246e-07
1.92825e-07
1.36316e-07
1.03661e-07
8.73132e-08
1.29029e-07
1.67907e-07
2.20821e-07
2.83628e-07
3.5435e-07
4.30948e-07
5.11471e-07
5.94234e-07
6.77874e-07
7.61331e-07
8.43774e-07
9.24572e-07
1.00326e-06
1.07953e-06
1.15314e-06
1.22395e-06
1.29186e-06
1.3568e-06
1.41871e-06
1.47756e-06
1.5333e-06
1.58598e-06
1.63587e-06
1.67904e-06
1.71521e-06
1.75175e-06
1.78875e-06
1.82241e-06
1.85314e-06
1.88119e-06
1.90678e-06
1.9302e-06
1.95183e-06
1.97213e-06
1.99171e-06
2.01132e-06
2.0319e-06
2.0546e-06
2.08078e-06
2.11201e-06
2.15004e-06
2.19667e-06
2.25368e-06
2.32239e-06
2.40364e-06
2.49219e-06
2.51116e-06
2.35533e-06
2.07794e-06
1.76292e-06
1.44118e-06
1.13442e-06
8.61961e-07
6.34629e-07
4.5615e-07
3.24569e-07
2.32963e-07
1.73694e-07
1.37608e-07
1.199e-07
1.31526e-07
1.70977e-07
2.23201e-07
2.85063e-07
3.54653e-07
4.30051e-07
5.09467e-07
5.91373e-07
6.74546e-07
7.58094e-07
8.41435e-07
9.20976e-07
9.95759e-07
1.07112e-06
1.14711e-06
1.22041e-06
1.29108e-06
1.35908e-06
1.42432e-06
1.4867e-06
1.54615e-06
1.6026e-06
1.65599e-06
1.70628e-06
1.75342e-06
1.79741e-06
1.83829e-06
1.87613e-06
1.91108e-06
1.94332e-06
1.97311e-06
2.00077e-06
2.02669e-06
2.05144e-06
2.07592e-06
2.09666e-06
2.11439e-06
2.138e-06
2.16881e-06
2.20427e-06
2.2465e-06
2.29745e-06
2.35888e-06
2.43197e-06
2.51729e-06
2.60888e-06
2.62387e-06
2.45771e-06
2.16887e-06
1.83816e-06
1.49843e-06
1.1761e-06
8.90897e-07
6.53781e-07
4.68217e-07
3.31754e-07
2.36923e-07
1.75626e-07
1.38349e-07
1.19089e-07
1.69863e-07
2.10753e-07
2.64271e-07
3.26024e-07
3.94402e-07
4.67757e-07
5.44475e-07
6.23126e-07
7.02529e-07
7.81732e-07
8.5998e-07
9.36698e-07
1.01146e-06
1.08394e-06
1.15394e-06
1.22129e-06
1.28589e-06
1.34766e-06
1.40654e-06
1.46248e-06
1.51545e-06
1.56551e-06
1.61289e-06
1.65357e-06
1.68729e-06
1.72161e-06
1.75667e-06
1.78852e-06
1.81754e-06
1.84399e-06
1.86809e-06
1.89009e-06
1.91034e-06
1.92928e-06
1.94746e-06
1.96555e-06
1.98439e-06
2.00496e-06
2.0284e-06
2.05598e-06
2.08907e-06
2.12899e-06
2.17689e-06
2.23346e-06
2.29881e-06
2.36746e-06
2.37346e-06
2.22835e-06
1.97853e-06
1.69643e-06
1.40803e-06
1.13113e-06
8.82292e-07
6.7144e-07
5.02314e-07
3.74117e-07
2.81797e-07
2.19506e-07
1.80149e-07
1.60418e-07
1.73341e-07
2.14999e-07
2.67885e-07
3.28835e-07
3.96273e-07
4.68632e-07
5.44429e-07
6.22364e-07
7.01367e-07
7.80649e-07
8.59691e-07
9.3483e-07
1.00518e-06
1.07635e-06
1.14841e-06
1.21792e-06
1.28493e-06
1.34943e-06
1.41129e-06
1.47044e-06
1.52681e-06
1.58032e-06
1.63092e-06
1.67856e-06
1.72321e-06
1.76487e-06
1.80355e-06
1.83934e-06
1.87235e-06
1.90275e-06
1.93077e-06
1.95671e-06
1.98092e-06
2.00392e-06
2.02656e-06
2.04518e-06
2.0604e-06
2.08114e-06
2.10854e-06
2.1396e-06
2.17605e-06
2.21933e-06
2.27056e-06
2.33027e-06
2.3983e-06
2.46856e-06
2.4702e-06
2.31642e-06
2.05778e-06
1.76262e-06
1.45866e-06
1.16829e-06
9.08348e-07
6.88884e-07
5.13436e-07
3.80804e-07
2.85477e-07
2.21234e-07
1.80685e-07
1.59098e-07
2.16477e-07
2.57697e-07
3.10534e-07
3.70347e-07
4.35797e-07
5.05534e-07
5.78199e-07
6.52572e-07
7.27617e-07
8.02478e-07
8.76473e-07
9.49073e-07
1.01987e-06
1.08857e-06
1.15494e-06
1.21884e-06
1.28014e-06
1.33876e-06
1.39464e-06
1.44773e-06
1.49798e-06
1.54546e-06
1.5904e-06
1.62865e-06
1.65998e-06
1.69217e-06
1.72536e-06
1.75546e-06
1.78285e-06
1.80778e-06
1.83045e-06
1.8511e-06
1.87005e-06
1.8877e-06
1.90455e-06
1.92119e-06
1.93834e-06
1.95684e-06
1.97762e-06
2.00169e-06
2.03009e-06
2.06372e-06
2.10327e-06
2.14893e-06
2.20032e-06
2.25199e-06
2.24762e-06
2.11298e-06
1.8883e-06
1.6361e-06
1.37821e-06
1.129e-06
9.02634e-07
7.08061e-07
5.49024e-07
4.25555e-07
3.34151e-07
2.70445e-07
2.29004e-07
2.07768e-07
2.20986e-07
2.63173e-07
3.15415e-07
3.74533e-07
4.39194e-07
5.08099e-07
5.79995e-07
6.53768e-07
7.28471e-07
8.03404e-07
8.78105e-07
9.48823e-07
1.01474e-06
1.08173e-06
1.14988e-06
1.21563e-06
1.27904e-06
1.34006e-06
1.3986e-06
1.45458e-06
1.50792e-06
1.55856e-06
1.60643e-06
1.65149e-06
1.69372e-06
1.7331e-06
1.76966e-06
1.80345e-06
1.83459e-06
1.86323e-06
1.88957e-06
1.91387e-06
1.93646e-06
1.95782e-06
1.97873e-06
1.99534e-06
2.00817e-06
2.02619e-06
2.05032e-06
2.07721e-06
2.10822e-06
2.14435e-06
2.18627e-06
2.23399e-06
2.2869e-06
2.33902e-06
2.33009e-06
2.18825e-06
1.95706e-06
1.69411e-06
1.42278e-06
1.16193e-06
9.25931e-07
7.23801e-07
5.59134e-07
4.31639e-07
3.37438e-07
2.71864e-07
2.2925e-07
2.05884e-07
2.67729e-07
3.07943e-07
3.59061e-07
4.16211e-07
4.78253e-07
5.4406e-07
6.12474e-07
6.82437e-07
7.53032e-07
8.23493e-07
8.93201e-07
9.61662e-07
1.02849e-06
1.0934e-06
1.15616e-06
1.21662e-06
1.27464e-06
1.33016e-06
1.38308e-06
1.43335e-06
1.48093e-06
1.5259e-06
1.56846e-06
1.60435e-06
1.63337e-06
1.6635e-06
1.69488e-06
1.72331e-06
1.74914e-06
1.77262e-06
1.79394e-06
1.81331e-06
1.83103e-06
1.84746e-06
1.86304e-06
1.87828e-06
1.89381e-06
1.91031e-06
1.92853e-06
1.94926e-06
1.97325e-06
2.00105e-06
2.03301e-06
2.06898e-06
2.10824e-06
2.14555e-06
2.1331e-06
2.00859e-06
1.80678e-06
1.58169e-06
1.35163e-06
1.12799e-06
9.22868e-07
7.44234e-07
5.95773e-07
4.78111e-07
3.88979e-07
3.25223e-07
2.82749e-07
2.60501e-07
2.73274e-07
3.14661e-07
3.65207e-07
4.21742e-07
4.83115e-07
5.48223e-07
6.15992e-07
6.85451e-07
7.55755e-07
8.26283e-07
8.96618e-07
9.62913e-07
1.02441e-06
1.08725e-06
1.15153e-06
1.21357e-06
1.27341e-06
1.33101e-06
1.3863e-06
1.43916e-06
1.48954e-06
1.53737e-06
1.58258e-06
1.62514e-06
1.66501e-06
1.70219e-06
1.73669e-06
1.76857e-06
1.79791e-06
1.82486e-06
1.84959e-06
1.87235e-06
1.8934e-06
1.91323e-06
1.9325e-06
1.94721e-06
1.95777e-06
1.97319e-06
1.99423e-06
2.01719e-06
2.04311e-06
2.07267e-06
2.10616e-06
2.14327e-06
2.18309e-06
2.21994e-06
2.20283e-06
2.07246e-06
1.86615e-06
1.63234e-06
1.39068e-06
1.15702e-06
9.43559e-07
7.5831e-07
6.04845e-07
4.83536e-07
3.91807e-07
3.26279e-07
2.82675e-07
2.58048e-07
3.22515e-07
3.60696e-07
4.09284e-07
4.63204e-07
5.21462e-07
5.83099e-07
6.47112e-07
7.12573e-07
7.78665e-07
8.44698e-07
9.10105e-07
9.74426e-07
1.03729e-06
1.09842e-06
1.15759e-06
1.21464e-06
1.26943e-06
1.32187e-06
1.37188e-06
1.41939e-06
1.46437e-06
1.50688e-06
1.54713e-06
1.58073e-06
1.60752e-06
1.63566e-06
1.66531e-06
1.69215e-06
1.71649e-06
1.7386e-06
1.75863e-06
1.77679e-06
1.79335e-06
1.80862e-06
1.82298e-06
1.83689e-06
1.85085e-06
1.86543e-06
1.88121e-06
1.89879e-06
1.91866e-06
1.94113e-06
1.96628e-06
1.99371e-06
2.02254e-06
2.04786e-06
2.02926e-06
1.91451e-06
1.73346e-06
1.5329e-06
1.32815e-06
1.12803e-06
9.42876e-07
7.79713e-07
6.42099e-07
5.31072e-07
4.45309e-07
3.82639e-07
3.40043e-07
3.17254e-07
3.29057e-07
3.68626e-07
4.16659e-07
4.70026e-07
5.27712e-07
5.88756e-07
6.52228e-07
7.17265e-07
7.83106e-07
8.49201e-07
9.15164e-07
9.77051e-07
1.03416e-06
1.09289e-06
1.15334e-06
1.21173e-06
1.26806e-06
1.32231e-06
1.3744e-06
1.42423e-06
1.47172e-06
1.51681e-06
1.55944e-06
1.59957e-06
1.63716e-06
1.67221e-06
1.70473e-06
1.73476e-06
1.76239e-06
1.78772e-06
1.81093e-06
1.83221e-06
1.85182e-06
1.87018e-06
1.88792e-06
1.90082e-06
1.90923e-06
1.92219e-06
1.94033e-06
1.95961e-06
1.98084e-06
2.00442e-06
2.03037e-06
2.05817e-06
2.08678e-06
2.11093e-06
2.08767e-06
1.96825e-06
1.78446e-06
1.57696e-06
1.36222e-06
1.15349e-06
9.61147e-07
7.92209e-07
6.50157e-07
5.35832e-07
4.47667e-07
3.83333e-07
3.39666e-07
3.14268e-07
3.79773e-07
4.15166e-07
4.60627e-07
5.10901e-07
5.65099e-07
6.22397e-07
6.81913e-07
7.42825e-07
8.04397e-07
8.66002e-07
9.27121e-07
9.87321e-07
1.04625e-06
1.10363e-06
1.15925e-06
1.21292e-06
1.26451e-06
1.31393e-06
1.36108e-06
1.4059e-06
1.44834e-06
1.48847e-06
1.52647e-06
1.55786e-06
1.5825e-06
1.60873e-06
1.63672e-06
1.66204e-06
1.68498e-06
1.70578e-06
1.7246e-06
1.74161e-06
1.75707e-06
1.77123e-06
1.78444e-06
1.79707e-06
1.80953e-06
1.82227e-06
1.83575e-06
1.85037e-06
1.86645e-06
1.88409e-06
1.90318e-06
1.92319e-06
1.94314e-06
1.95855e-06
1.93546e-06
1.83002e-06
1.66777e-06
1.48936e-06
1.30756e-06
1.12902e-06
9.62533e-07
8.14264e-07
6.87578e-07
5.83779e-07
5.0225e-07
4.41596e-07
3.99648e-07
3.76753e-07
3.87238e-07
4.24248e-07
4.69167e-07
5.18936e-07
5.72641e-07
6.29435e-07
6.88493e-07
7.49047e-07
8.10399e-07
8.72057e-07
9.33665e-07
9.91176e-07
1.04395e-06
1.09862e-06
1.15531e-06
1.21011e-06
1.263e-06
1.31398e-06
1.36295e-06
1.40982e-06
1.4545e-06
1.49694e-06
1.53707e-06
1.57485e-06
1.61025e-06
1.64325e-06
1.67386e-06
1.70212e-06
1.7281e-06
1.7519e-06
1.77365e-06
1.79353e-06
1.81177e-06
1.82875e-06
1.84503e-06
1.85621e-06
1.86258e-06
1.87323e-06
1.88865e-06
1.90456e-06
1.92149e-06
1.93968e-06
1.95897e-06
1.97872e-06
1.99784e-06
2.01154e-06
1.98384e-06
1.87481e-06
1.7114e-06
1.52758e-06
1.3372e-06
1.15128e-06
9.78608e-07
8.25306e-07
6.94691e-07
5.87915e-07
5.04173e-07
4.41971e-07
3.9903e-07
3.73312e-07
4.38505e-07
4.70601e-07
5.12522e-07
5.58868e-07
6.08831e-07
6.61694e-07
7.1667e-07
7.73028e-07
8.301e-07
8.87309e-07
9.44175e-07
1.0003e-06
1.05533e-06
1.10901e-06
1.16112e-06
1.21146e-06
1.25992e-06
1.30637e-06
1.35073e-06
1.39292e-06
1.43289e-06
1.47072e-06
1.50655e-06
1.53581e-06
1.55838e-06
1.58277e-06
1.60918e-06
1.63305e-06
1.65465e-06
1.67422e-06
1.69189e-06
1.70783e-06
1.72224e-06
1.73536e-06
1.74746e-06
1.75887e-06
1.7699e-06
1.7809e-06
1.79222e-06
1.80412e-06
1.81673e-06
1.83004e-06
1.8438e-06
1.85741e-06
1.8699e-06
1.87723e-06
1.851e-06
1.75439e-06
1.60915e-06
1.45068e-06
1.28965e-06
1.13085e-06
9.81734e-07
8.47686e-07
7.31836e-07
6.35638e-07
5.58988e-07
5.01085e-07
4.60427e-07
4.37816e-07
4.46786e-07
4.80743e-07
5.22138e-07
5.68021e-07
6.17555e-07
6.69987e-07
7.24573e-07
7.80622e-07
8.37493e-07
8.94741e-07
9.52035e-07
1.00522e-06
1.05373e-06
1.10441e-06
1.15742e-06
1.2087e-06
1.25824e-06
1.30603e-06
1.35197e-06
1.39597e-06
1.43794e-06
1.47781e-06
1.51553e-06
1.55105e-06
1.58434e-06
1.61537e-06
1.64416e-06
1.67073e-06
1.69514e-06
1.71746e-06
1.73783e-06
1.75638e-06
1.77331e-06
1.78898e-06
1.80387e-06
1.81341e-06
1.81785e-06
1.82634e-06
1.83927e-06
1.85208e-06
1.86513e-06
1.87854e-06
1.89201e-06
1.90487e-06
1.91606e-06
1.92128e-06
1.89057e-06
1.79134e-06
1.64632e-06
1.48383e-06
1.31543e-06
1.15031e-06
9.9587e-07
8.57441e-07
7.38115e-07
6.39237e-07
5.60559e-07
5.01235e-07
4.59669e-07
4.34029e-07
4.97787e-07
5.26284e-07
5.64418e-07
6.0668e-07
6.52323e-07
7.00724e-07
7.51173e-07
8.03011e-07
8.55636e-07
9.08514e-07
9.61191e-07
1.01329e-06
1.0645e-06
1.11454e-06
1.16319e-06
1.21028e-06
1.25566e-06
1.29922e-06
1.34086e-06
1.3805e-06
1.41807e-06
1.45368e-06
1.48742e-06
1.51462e-06
1.53521e-06
1.55785e-06
1.58275e-06
1.60525e-06
1.62559e-06
1.64399e-06
1.66058e-06
1.6755e-06
1.68892e-06
1.70104e-06
1.7121e-06
1.72234e-06
1.73201e-06
1.7414e-06
1.75071e-06
1.76009e-06
1.76957e-06
1.77904e-06
1.78818e-06
1.79635e-06
1.80262e-06
1.80344e-06
1.77519e-06
1.68689e-06
1.557e-06
1.41648e-06
1.27422e-06
1.13342e-06
1.0004e-06
8.79821e-07
7.74565e-07
6.86143e-07
6.14813e-07
5.60215e-07
5.21364e-07
4.99372e-07
5.0676e-07
5.37374e-07
5.75003e-07
6.16836e-07
6.62109e-07
7.10136e-07
7.60246e-07
8.11808e-07
8.64236e-07
9.17136e-07
9.70181e-07
1.01912e-06
1.06344e-06
1.11023e-06
1.15964e-06
1.20751e-06
1.25379e-06
1.29849e-06
1.3415e-06
1.38273e-06
1.42208e-06
1.45948e-06
1.49489e-06
1.52823e-06
1.55949e-06
1.58865e-06
1.61569e-06
1.64065e-06
1.66356e-06
1.68449e-06
1.70353e-06
1.72082e-06
1.7365e-06
1.75093e-06
1.76448e-06
1.77247e-06
1.7751e-06
1.78159e-06
1.79223e-06
1.80223e-06
1.81182e-06
1.82103e-06
1.8295e-06
1.83654e-06
1.84118e-06
1.83964e-06
1.80709e-06
1.71706e-06
1.58863e-06
1.44528e-06
1.29669e-06
1.15048e-06
1.01288e-06
8.88486e-07
7.80158e-07
6.89329e-07
6.16154e-07
5.60266e-07
5.2059e-07
4.95364e-07
5.56771e-07
5.81547e-07
6.1579e-07
6.5392e-07
6.95246e-07
7.39221e-07
7.85207e-07
8.326e-07
8.80863e-07
9.295e-07
9.78084e-07
1.02625e-06
1.0737e-06
1.12018e-06
1.16546e-06
1.20937e-06
1.25176e-06
1.29251e-06
1.33151e-06
1.36868e-06
1.40394e-06
1.43739e-06
1.46913e-06
1.49436e-06
1.51305e-06
1.53401e-06
1.55748e-06
1.57869e-06
1.59783e-06
1.61513e-06
1.6307e-06
1.64466e-06
1.65714e-06
1.66833e-06
1.67839e-06
1.68753e-06
1.69595e-06
1.70382e-06
1.71128e-06
1.71837e-06
1.72506e-06
1.73116e-06
1.73633e-06
1.73992e-06
1.74109e-06
1.73674e-06
1.70737e-06
1.62685e-06
1.51079e-06
1.3864e-06
1.26107e-06
1.13665e-06
1.01846e-06
9.10551e-07
8.15523e-07
7.34882e-07
6.69131e-07
6.18224e-07
5.81572e-07
5.60479e-07
5.66314e-07
5.93464e-07
6.27225e-07
6.64956e-07
7.05959e-07
7.49606e-07
7.95288e-07
8.42423e-07
8.90479e-07
9.39118e-07
9.88014e-07
1.03281e-06
1.07304e-06
1.11604e-06
1.16197e-06
1.20653e-06
1.24966e-06
1.29138e-06
1.33157e-06
1.37013e-06
1.40696e-06
1.442e-06
1.47518e-06
1.50645e-06
1.53578e-06
1.56314e-06
1.58852e-06
1.61194e-06
1.63342e-06
1.65302e-06
1.67081e-06
1.68689e-06
1.70139e-06
1.71462e-06
1.72691e-06
1.73344e-06
1.73439e-06
1.73903e-06
1.74757e-06
1.75506e-06
1.7616e-06
1.76717e-06
1.77139e-06
1.77361e-06
1.77294e-06
1.7661e-06
1.73266e-06
1.65124e-06
1.53774e-06
1.41156e-06
1.28078e-06
1.1517e-06
1.02957e-06
9.18343e-07
8.20598e-07
7.37805e-07
6.70381e-07
6.18306e-07
5.80904e-07
5.56371e-07
6.14689e-07
6.35762e-07
6.66129e-07
7.00178e-07
7.37263e-07
7.76912e-07
8.18545e-07
8.61616e-07
9.0563e-07
9.50141e-07
9.94749e-07
1.0391e-06
1.08291e-06
1.12592e-06
1.16792e-06
1.20874e-06
1.24824e-06
1.28627e-06
1.32273e-06
1.3575e-06
1.39053e-06
1.42192e-06
1.45173e-06
1.47508e-06
1.49195e-06
1.51132e-06
1.53343e-06
1.55341e-06
1.57142e-06
1.58769e-06
1.6023e-06
1.61535e-06
1.62695e-06
1.63725e-06
1.64638e-06
1.6545e-06
1.66175e-06
1.66821e-06
1.67397e-06
1.679e-06
1.68323e-06
1.68643e-06
1.68822e-06
1.68803e-06
1.68506e-06
1.67669e-06
1.64691e-06
1.57365e-06
1.47003e-06
1.36012e-06
1.25003e-06
1.14046e-06
1.03587e-06
9.3978e-07
8.54509e-07
7.81513e-07
7.21437e-07
6.74465e-07
6.40294e-07
6.20317e-07
6.24692e-07
6.48393e-07
6.78301e-07
7.11976e-07
7.48774e-07
7.88129e-07
8.2948e-07
8.72296e-07
9.16089e-07
9.6058e-07
1.00545e-06
1.04622e-06
1.0825e-06
1.12183e-06
1.16439e-06
1.20577e-06
1.24587e-06
1.28473e-06
1.32221e-06
1.35821e-06
1.39264e-06
1.42541e-06
1.45646e-06
1.48575e-06
1.51324e-06
1.53889e-06
1.5627e-06
1.58466e-06
1.60479e-06
1.62312e-06
1.63972e-06
1.65466e-06
1.66803e-06
1.68013e-06
1.69123e-06
1.69639e-06
1.69576e-06
1.69869e-06
1.70535e-06
1.7106e-06
1.7145e-06
1.71697e-06
1.71765e-06
1.71592e-06
1.71103e-06
1.70014e-06
1.66657e-06
1.59317e-06
1.49308e-06
1.38227e-06
1.26746e-06
1.15388e-06
1.0459e-06
9.46907e-07
8.59233e-07
7.84312e-07
7.22715e-07
6.74681e-07
6.39822e-07
6.16201e-07
6.70842e-07
6.88337e-07
7.14945e-07
7.45041e-07
7.78024e-07
8.13502e-07
8.50939e-07
8.89849e-07
9.29771e-07
9.70304e-07
1.01107e-06
1.05175e-06
1.09204e-06
1.13172e-06
1.17057e-06
1.20843e-06
1.24513e-06
1.28055e-06
1.31454e-06
1.34701e-06
1.37788e-06
1.40729e-06
1.43525e-06
1.45681e-06
1.47196e-06
1.48982e-06
1.51064e-06
1.52947e-06
1.54641e-06
1.56171e-06
1.57541e-06
1.58761e-06
1.59839e-06
1.60787e-06
1.61614e-06
1.6233e-06
1.62944e-06
1.63461e-06
1.63883e-06
1.64205e-06
1.64414e-06
1.64486e-06
1.64384e-06
1.64055e-06
1.6343e-06
1.62287e-06
1.59325e-06
1.52673e-06
1.43429e-06
1.33734e-06
1.24091e-06
1.14474e-06
1.05257e-06
9.67416e-07
8.91352e-07
8.25743e-07
7.71316e-07
7.28389e-07
6.9688e-07
6.78192e-07
6.81239e-07
7.01604e-07
7.27771e-07
7.57513e-07
7.90244e-07
8.25451e-07
8.62619e-07
9.0127e-07
9.40955e-07
9.81446e-07
1.02243e-06
1.05933e-06
1.09181e-06
1.12762e-06
1.16695e-06
1.20528e-06
1.24248e-06
1.27859e-06
1.31348e-06
1.34702e-06
1.37914e-06
1.40974e-06
1.43878e-06
1.46618e-06
1.49192e-06
1.51596e-06
1.53827e-06
1.55884e-06
1.57769e-06
1.59484e-06
1.6103e-06
1.62416e-06
1.63648e-06
1.64753e-06
1.65751e-06
1.66138e-06
1.65927e-06
1.66063e-06
1.66559e-06
1.6689e-06
1.67053e-06
1.67041e-06
1.66817e-06
1.6633e-06
1.65512e-06
1.64125e-06
1.60816e-06
1.54218e-06
1.45411e-06
1.35702e-06
1.25651e-06
1.15687e-06
1.06175e-06
9.74046e-07
8.95848e-07
8.28506e-07
7.72685e-07
7.28788e-07
6.96647e-07
6.7412e-07
7.24632e-07
7.38738e-07
7.61767e-07
7.88098e-07
8.17181e-07
8.48683e-07
8.82133e-07
9.17077e-07
9.53107e-07
9.89842e-07
1.02695e-06
1.06411e-06
1.10105e-06
1.13755e-06
1.1734e-06
1.20842e-06
1.24245e-06
1.27535e-06
1.30697e-06
1.33722e-06
1.36604e-06
1.39356e-06
1.41976e-06
1.4396e-06
1.45312e-06
1.46954e-06
1.48915e-06
1.5069e-06
1.52285e-06
1.53724e-06
1.5501e-06
1.56151e-06
1.57153e-06
1.58023e-06
1.58769e-06
1.59395e-06
1.59907e-06
1.60306e-06
1.60591e-06
1.60754e-06
1.6078e-06
1.60644e-06
1.60311e-06
1.59735e-06
1.58855e-06
1.57489e-06
1.54587e-06
1.48557e-06
1.40314e-06
1.31774e-06
1.23352e-06
1.14939e-06
1.06847e-06
9.93376e-07
9.25913e-07
8.67346e-07
8.18428e-07
7.79562e-07
7.5081e-07
7.33525e-07
7.35402e-07
7.52614e-07
7.75222e-07
8.01219e-07
8.30079e-07
8.61333e-07
8.94522e-07
9.29205e-07
9.64982e-07
1.00166e-06
1.03894e-06
1.07214e-06
1.10099e-06
1.13344e-06
1.16971e-06
1.20513e-06
1.23955e-06
1.27303e-06
1.30541e-06
1.33661e-06
1.36651e-06
1.39506e-06
1.42217e-06
1.4478e-06
1.47189e-06
1.49439e-06
1.51529e-06
1.53456e-06
1.55221e-06
1.56823e-06
1.58264e-06
1.59549e-06
1.60682e-06
1.61689e-06
1.62582e-06
1.62845e-06
1.62498e-06
1.6249e-06
1.62836e-06
1.63e-06
1.62972e-06
1.62746e-06
1.62288e-06
1.61554e-06
1.60489e-06
1.58893e-06
1.55678e-06
1.49764e-06
1.42031e-06
1.33543e-06
1.24763e-06
1.16046e-06
1.07696e-06
9.99597e-07
9.30223e-07
8.70087e-07
8.19886e-07
7.80138e-07
7.50818e-07
7.29503e-07
7.75586e-07
7.86531e-07
8.06204e-07
8.29008e-07
8.54427e-07
8.82197e-07
9.11894e-07
9.43109e-07
9.7547e-07
1.00863e-06
1.04227e-06
1.0761e-06
1.10987e-06
1.14335e-06
1.17635e-06
1.20867e-06
1.24017e-06
1.27066e-06
1.30002e-06
1.32817e-06
1.35503e-06
1.38077e-06
1.40531e-06
1.42353e-06
1.4355e-06
1.45058e-06
1.46906e-06
1.4858e-06
1.50082e-06
1.51436e-06
1.52645e-06
1.53711e-06
1.54641e-06
1.55438e-06
1.56106e-06
1.56648e-06
1.57066e-06
1.5736e-06
1.57525e-06
1.57552e-06
1.57424e-06
1.57117e-06
1.56599e-06
1.55829e-06
1.54757e-06
1.53237e-06
1.50428e-06
1.44969e-06
1.37617e-06
1.30103e-06
1.22766e-06
1.1543e-06
1.08353e-06
1.0176e-06
9.58095e-07
9.06161e-07
8.62534e-07
8.27653e-07
8.01677e-07
7.85864e-07
7.86734e-07
8.01023e-07
8.20302e-07
8.42791e-07
8.68018e-07
8.95562e-07
9.25009e-07
9.55963e-07
9.88062e-07
1.02116e-06
1.05494e-06
1.08464e-06
1.11005e-06
1.13932e-06
1.17267e-06
1.20533e-06
1.23711e-06
1.26806e-06
1.29807e-06
1.32702e-06
1.35483e-06
1.38143e-06
1.40674e-06
1.43068e-06
1.45322e-06
1.47429e-06
1.49387e-06
1.51193e-06
1.52844e-06
1.54341e-06
1.55685e-06
1.56875e-06
1.57916e-06
1.58829e-06
1.59623e-06
1.59772e-06
1.59297e-06
1.5916e-06
1.59373e-06
1.59394e-06
1.59206e-06
1.58807e-06
1.58166e-06
1.57246e-06
1.56002e-06
1.54269e-06
1.51181e-06
1.45892e-06
1.39112e-06
1.31704e-06
1.24051e-06
1.16443e-06
1.09137e-06
1.02342e-06
9.62202e-07
9.08847e-07
8.64045e-07
8.28379e-07
8.01901e-07
7.81878e-07
8.23368e-07
8.31409e-07
8.47982e-07
8.67524e-07
8.89547e-07
9.13853e-07
9.40057e-07
9.67798e-07
9.96731e-07
1.02654e-06
1.05694e-06
1.08765e-06
1.11843e-06
1.14907e-06
1.17937e-06
1.20914e-06
1.23822e-06
1.26645e-06
1.29369e-06
1.31987e-06
1.34492e-06
1.36899e-06
1.39198e-06
1.40867e-06
1.4192e-06
1.43302e-06
1.45044e-06
1.46625e-06
1.48041e-06
1.49315e-06
1.5045e-06
1.51446e-06
1.52307e-06
1.53035e-06
1.5363e-06
1.54095e-06
1.54428e-06
1.54628e-06
1.5469e-06
1.54601e-06
1.54346e-06
1.53901e-06
1.53237e-06
1.52321e-06
1.51111e-06
1.49491e-06
1.46799e-06
1.4186e-06
1.35299e-06
1.2869e-06
1.22314e-06
1.15936e-06
1.09769e-06
1.04007e-06
9.8786e-07
9.42096e-07
9.03471e-07
8.72425e-07
8.49175e-07
8.34856e-07
8.34879e-07
8.46508e-07
8.62721e-07
8.81971e-07
9.03832e-07
9.27934e-07
9.53903e-07
9.81388e-07
1.01006e-06
1.03981e-06
1.07033e-06
1.09674e-06
1.11891e-06
1.14518e-06
1.17578e-06
1.20583e-06
1.23512e-06
1.2637e-06
1.29147e-06
1.31832e-06
1.34418e-06
1.36896e-06
1.39257e-06
1.41495e-06
1.43604e-06
1.45578e-06
1.47412e-06
1.49104e-06
1.50651e-06
1.5205e-06
1.533e-06
1.54403e-06
1.55356e-06
1.56184e-06
1.56885e-06
1.56929e-06
1.56337e-06
1.56083e-06
1.5618e-06
1.56078e-06
1.55759e-06
1.55222e-06
1.5444e-06
1.53383e-06
1.52016e-06
1.50202e-06
1.47262e-06
1.42537e-06
1.366e-06
1.30143e-06
1.23483e-06
1.16861e-06
1.10489e-06
1.04547e-06
9.91739e-07
9.44699e-07
9.05013e-07
8.7329e-07
8.49604e-07
8.30907e-07
8.6773e-07
8.73145e-07
8.86899e-07
9.03464e-07
9.2238e-07
9.43503e-07
9.66493e-07
9.91023e-07
1.01678e-06
1.04349e-06
1.07086e-06
1.09866e-06
1.12665e-06
1.15463e-06
1.1824e-06
1.20977e-06
1.23659e-06
1.26271e-06
1.28799e-06
1.31236e-06
1.33573e-06
1.35826e-06
1.37981e-06
1.3951e-06
1.40428e-06
1.41692e-06
1.43336e-06
1.44829e-06
1.46164e-06
1.47364e-06
1.48429e-06
1.49359e-06
1.50155e-06
1.50818e-06
1.51346e-06
1.5174e-06
1.51998e-06
1.52116e-06
1.52089e-06
1.51904e-06
1.51544e-06
1.50989e-06
1.50215e-06
1.49192e-06
1.47888e-06
1.46214e-06
1.43654e-06
1.39185e-06
1.33321e-06
1.27509e-06
1.2198e-06
1.1645e-06
1.11093e-06
1.06077e-06
1.01519e-06
9.75097e-07
9.41127e-07
9.13703e-07
8.93068e-07
8.80223e-07
8.79557e-07
8.88801e-07
9.02235e-07
9.18531e-07
9.37315e-07
9.58256e-07
9.81027e-07
1.00531e-06
1.03082e-06
1.05747e-06
1.08496e-06
1.10831e-06
1.12746e-06
1.15091e-06
1.17894e-06
1.20656e-06
1.23353e-06
1.25992e-06
1.28562e-06
1.31055e-06
1.3346e-06
1.35769e-06
1.37974e-06
1.40068e-06
1.42042e-06
1.43892e-06
1.45612e-06
1.47197e-06
1.48646e-06
1.49953e-06
1.51118e-06
1.52138e-06
1.53012e-06
1.5376e-06
1.54378e-06
1.54326e-06
1.53629e-06
1.53269e-06
1.53265e-06
1.53059e-06
1.52632e-06
1.51986e-06
1.51097e-06
1.49943e-06
1.48495e-06
1.46643e-06
1.43859e-06
1.39642e-06
1.34447e-06
1.28825e-06
1.2304e-06
1.1729e-06
1.11753e-06
1.06578e-06
1.01886e-06
9.77632e-07
9.42718e-07
9.14724e-07
8.93725e-07
8.76335e-07
9.08435e-07
9.11528e-07
9.22764e-07
9.36656e-07
9.52765e-07
9.71002e-07
9.91064e-07
1.01266e-06
1.03551e-06
1.05936e-06
1.08395e-06
1.10905e-06
1.13445e-06
1.15996e-06
1.18537e-06
1.21053e-06
1.23526e-06
1.25943e-06
1.28291e-06
1.30561e-06
1.32745e-06
1.34856e-06
1.36879e-06
1.38277e-06
1.39072e-06
1.40226e-06
1.41778e-06
1.4319e-06
1.4445e-06
1.45581e-06
1.46582e-06
1.4745e-06
1.48186e-06
1.48789e-06
1.49257e-06
1.49587e-06
1.49779e-06
1.49827e-06
1.49724e-06
1.49458e-06
1.49014e-06
1.48374e-06
1.47518e-06
1.46422e-06
1.4506e-06
1.43367e-06
1.40948e-06
1.36902e-06
1.3165e-06
1.26534e-06
1.21747e-06
1.16962e-06
1.12322e-06
1.0797e-06
1.04007e-06
1.00511e-06
9.75407e-07
9.51342e-07
9.33169e-07
9.21742e-07
9.20528e-07
9.27675e-07
9.38628e-07
9.52268e-07
9.68272e-07
9.86348e-07
1.00621e-06
1.02757e-06
1.05018e-06
1.074e-06
1.09869e-06
1.11921e-06
1.13555e-06
1.1564e-06
1.18206e-06
1.20744e-06
1.23228e-06
1.25667e-06
1.28049e-06
1.30365e-06
1.32605e-06
1.3476e-06
1.36821e-06
1.3878e-06
1.40631e-06
1.42367e-06
1.43981e-06
1.45469e-06
1.46827e-06
1.48051e-06
1.49136e-06
1.50081e-06
1.50882e-06
1.51558e-06
1.52102e-06
1.51965e-06
1.51176e-06
1.50725e-06
1.50632e-06
1.5034e-06
1.49825e-06
1.49093e-06
1.48127e-06
1.46906e-06
1.45409e-06
1.43548e-06
1.40922e-06
1.37159e-06
1.32615e-06
1.27727e-06
1.2271e-06
1.17729e-06
1.1293e-06
1.08439e-06
1.04358e-06
1.00763e-06
9.77085e-07
9.5255e-07
9.34068e-07
9.17942e-07
9.45275e-07
9.46353e-07
9.55382e-07
9.66917e-07
9.80531e-07
9.96188e-07
1.01362e-06
1.03257e-06
1.05278e-06
1.07403e-06
1.09609e-06
1.11873e-06
1.14176e-06
1.165e-06
1.18825e-06
1.21137e-06
1.23419e-06
1.25658e-06
1.27841e-06
1.29959e-06
1.32001e-06
1.33983e-06
1.35885e-06
1.37165e-06
1.37845e-06
1.38899e-06
1.40367e-06
1.41705e-06
1.42897e-06
1.43965e-06
1.44907e-06
1.4572e-06
1.46402e-06
1.46951e-06
1.47365e-06
1.47641e-06
1.47775e-06
1.47762e-06
1.47595e-06
1.47263e-06
1.46753e-06
1.46049e-06
1.45135e-06
1.43993e-06
1.42603e-06
1.40919e-06
1.38646e-06
1.34976e-06
1.30256e-06
1.25744e-06
1.21601e-06
1.17464e-06
1.1345e-06
1.09682e-06
1.06246e-06
1.0321e-06
1.00623e-06
9.8523e-07
9.69326e-07
9.5923e-07
9.57595e-07
9.62931e-07
9.71705e-07
9.82998e-07
9.96528e-07
1.01204e-06
1.02929e-06
1.04803e-06
1.06801e-06
1.08926e-06
1.11141e-06
1.12934e-06
1.14312e-06
1.16158e-06
1.18506e-06
1.2084e-06
1.2313e-06
1.25387e-06
1.27598e-06
1.29754e-06
1.31843e-06
1.33857e-06
1.35788e-06
1.37626e-06
1.39364e-06
1.40995e-06
1.42514e-06
1.43913e-06
1.45189e-06
1.46336e-06
1.4735e-06
1.48227e-06
1.48962e-06
1.49576e-06
1.50055e-06
1.49845e-06
1.48977e-06
1.48447e-06
1.48282e-06
1.47918e-06
1.47334e-06
1.46538e-06
1.45515e-06
1.44251e-06
1.4273e-06
1.40882e-06
1.38413e-06
1.35053e-06
1.31079e-06
1.2683e-06
1.22482e-06
1.18171e-06
1.14018e-06
1.10129e-06
1.06588e-06
1.03464e-06
1.00803e-06
9.86633e-07
9.70465e-07
9.55526e-07
9.78084e-07
9.77442e-07
9.84575e-07
9.94068e-07
1.0055e-06
1.01889e-06
1.034e-06
1.0506e-06
1.06847e-06
1.08739e-06
1.10717e-06
1.1276e-06
1.1485e-06
1.16968e-06
1.19099e-06
1.21226e-06
1.23335e-06
1.25412e-06
1.27446e-06
1.29426e-06
1.3134e-06
1.33206e-06
1.34999e-06
1.3617e-06
1.36746e-06
1.37709e-06
1.39102e-06
1.40374e-06
1.41505e-06
1.42517e-06
1.43407e-06
1.4417e-06
1.44805e-06
1.45308e-06
1.45676e-06
1.45905e-06
1.4599e-06
1.45927e-06
1.45708e-06
1.45324e-06
1.44763e-06
1.44013e-06
1.43061e-06
1.41895e-06
1.40498e-06
1.38845e-06
1.36714e-06
1.33377e-06
1.29113e-06
1.25117e-06
1.21524e-06
1.17945e-06
1.14471e-06
1.11209e-06
1.08233e-06
1.056e-06
1.03354e-06
1.01528e-06
1.00142e-06
9.92547e-07
9.90601e-07
9.94401e-07
1.0013e-06
1.01055e-06
1.02192e-06
1.03518e-06
1.05012e-06
1.06653e-06
1.08418e-06
1.10314e-06
1.12301e-06
1.13862e-06
1.15008e-06
1.16639e-06
1.1879e-06
1.2094e-06
1.23055e-06
1.25147e-06
1.27204e-06
1.29215e-06
1.31169e-06
1.33057e-06
1.3487e-06
1.36599e-06
1.38236e-06
1.39774e-06
1.41206e-06
1.42526e-06
1.43729e-06
1.44808e-06
1.45758e-06
1.46575e-06
1.47253e-06
1.47814e-06
1.48238e-06
1.47964e-06
1.47029e-06
1.46434e-06
1.46211e-06
1.45791e-06
1.45154e-06
1.44311e-06
1.43251e-06
1.41963e-06
1.40436e-06
1.38618e-06
1.363e-06
1.33294e-06
1.29813e-06
1.26114e-06
1.22342e-06
1.18607e-06
1.15012e-06
1.11643e-06
1.08574e-06
1.05861e-06
1.03547e-06
1.01688e-06
1.00279e-06
9.88939e-07
1.00675e-06
1.00466e-06
1.01019e-06
1.01795e-06
1.02751e-06
1.03895e-06
1.05204e-06
1.0666e-06
1.08241e-06
1.0993e-06
1.11708e-06
1.13556e-06
1.15457e-06
1.17394e-06
1.19352e-06
1.21316e-06
1.23271e-06
1.25205e-06
1.27106e-06
1.28962e-06
1.30763e-06
1.32525e-06
1.34221e-06
1.35295e-06
1.35779e-06
1.36661e-06
1.37988e-06
1.39203e-06
1.40281e-06
1.41245e-06
1.42089e-06
1.4281e-06
1.43405e-06
1.43869e-06
1.44198e-06
1.44388e-06
1.44434e-06
1.44331e-06
1.44071e-06
1.43647e-06
1.4305e-06
1.42269e-06
1.41296e-06
1.40121e-06
1.38734e-06
1.37123e-06
1.3513e-06
1.32079e-06
1.28198e-06
1.24631e-06
1.21501e-06
1.18393e-06
1.15377e-06
1.12547e-06
1.09965e-06
1.0768e-06
1.0573e-06
1.04142e-06
1.02937e-06
1.02158e-06
1.01942e-06
1.02194e-06
1.02725e-06
1.03476e-06
1.04428e-06
1.0556e-06
1.06855e-06
1.08293e-06
1.09856e-06
1.11551e-06
1.13339e-06
1.14694e-06
1.15634e-06
1.17074e-06
1.19052e-06
1.21039e-06
1.22999e-06
1.24946e-06
1.26866e-06
1.28748e-06
1.30582e-06
1.32358e-06
1.34067e-06
1.357e-06
1.37248e-06
1.38704e-06
1.40061e-06
1.41312e-06
1.4245e-06
1.4347e-06
1.44366e-06
1.45131e-06
1.45761e-06
1.46276e-06
1.46653e-06
1.46327e-06
1.45334e-06
1.44687e-06
1.44418e-06
1.43958e-06
1.43282e-06
1.42408e-06
1.41326e-06
1.40029e-06
1.3851e-06
1.36732e-06
1.34555e-06
1.31856e-06
1.28793e-06
1.25559e-06
1.22272e-06
1.19025e-06
1.15902e-06
1.12977e-06
1.1031e-06
1.07952e-06
1.05938e-06
1.04323e-06
1.03098e-06
1.01809e-06
1.03116e-06
1.02788e-06
1.03209e-06
1.0384e-06
1.0464e-06
1.05619e-06
1.06758e-06
1.0804e-06
1.09447e-06
1.10962e-06
1.12569e-06
1.14249e-06
1.15988e-06
1.17769e-06
1.19578e-06
1.21401e-06
1.23224e-06
1.25034e-06
1.26819e-06
1.28568e-06
1.30271e-06
1.31944e-06
1.33557e-06
1.34547e-06
1.34949e-06
1.35762e-06
1.37033e-06
1.38199e-06
1.39233e-06
1.40156e-06
1.40963e-06
1.41649e-06
1.4221e-06
1.42642e-06
1.42941e-06
1.431e-06
1.43116e-06
1.42983e-06
1.42694e-06
1.42242e-06
1.4162e-06
1.40821e-06
1.39839e-06
1.38666e-06
1.37298e-06
1.35736e-06
1.3387e-06
1.31065e-06
1.27495e-06
1.2427e-06
1.21515e-06
1.18795e-06
1.16159e-06
1.1369e-06
1.11438e-06
1.09445e-06
1.07745e-06
1.0636e-06
1.05309e-06
1.04624e-06
1.04393e-06
1.04543e-06
1.04943e-06
1.0555e-06
1.06346e-06
1.07315e-06
1.08441e-06
1.09708e-06
1.11099e-06
1.12623e-06
1.14241e-06
1.15419e-06
1.16182e-06
1.17456e-06
1.19285e-06
1.21132e-06
1.22958e-06
1.24778e-06
1.2658e-06
1.28352e-06
1.30082e-06
1.31762e-06
1.33382e-06
1.34932e-06
1.36405e-06
1.37791e-06
1.39084e-06
1.40277e-06
1.41361e-06
1.42332e-06
1.43182e-06
1.43904e-06
1.44494e-06
1.44972e-06
1.45312e-06
1.44941e-06
1.43901e-06
1.43211e-06
1.42909e-06
1.4242e-06
1.41719e-06
1.40825e-06
1.39733e-06
1.38438e-06
1.36936e-06
1.35204e-06
1.33152e-06
1.30711e-06
1.27993e-06
1.25143e-06
1.22256e-06
1.19412e-06
1.1668e-06
1.14123e-06
1.11793e-06
1.09732e-06
1.07972e-06
1.06564e-06
1.05496e-06
1.04289e-06
1.0512e-06
1.04697e-06
1.05011e-06
1.05527e-06
1.062e-06
1.07045e-06
1.08045e-06
1.09184e-06
1.10448e-06
1.1182e-06
1.13285e-06
1.14828e-06
1.16432e-06
1.18084e-06
1.1977e-06
1.21475e-06
1.23187e-06
1.24894e-06
1.26583e-06
1.28244e-06
1.29866e-06
1.31467e-06
1.33011e-06
1.33931e-06
1.34265e-06
1.3502e-06
1.36246e-06
1.37374e-06
1.38372e-06
1.39262e-06
1.40039e-06
1.40699e-06
1.41235e-06
1.41643e-06
1.41918e-06
1.42056e-06
1.4205e-06
1.41896e-06
1.41587e-06
1.41117e-06
1.4048e-06
1.39672e-06
1.38687e-06
1.37523e-06
1.36178e-06
1.34667e-06
1.32923e-06
1.30341e-06
1.26999e-06
1.24007e-06
1.21544e-06
1.19135e-06
1.16806e-06
1.14628e-06
1.12644e-06
1.10889e-06
1.09392e-06
1.08173e-06
1.0725e-06
1.06643e-06
1.06403e-06
1.06472e-06
1.06768e-06
1.07259e-06
1.07929e-06
1.08766e-06
1.09755e-06
1.10882e-06
1.12132e-06
1.13517e-06
1.14994e-06
1.16025e-06
1.16639e-06
1.17775e-06
1.1948e-06
1.21211e-06
1.22927e-06
1.24642e-06
1.26345e-06
1.28025e-06
1.2967e-06
1.31271e-06
1.32818e-06
1.34301e-06
1.35712e-06
1.37042e-06
1.38283e-06
1.39429e-06
1.40471e-06
1.41401e-06
1.42215e-06
1.42904e-06
1.43464e-06
1.43914e-06
1.44226e-06
1.43821e-06
1.42743e-06
1.42021e-06
1.41695e-06
1.41187e-06
1.4047e-06
1.39566e-06
1.38472e-06
1.37185e-06
1.35704e-06
1.34015e-06
1.3207e-06
1.29835e-06
1.27392e-06
1.24847e-06
1.22279e-06
1.19756e-06
1.17337e-06
1.15076e-06
1.13017e-06
1.11196e-06
1.09642e-06
1.08404e-06
1.07464e-06
1.06324e-06
1.0667e-06
1.06174e-06
1.06408e-06
1.06835e-06
1.07411e-06
1.08153e-06
1.09045e-06
1.10074e-06
1.11226e-06
1.12487e-06
1.13842e-06
1.15276e-06
1.16775e-06
1.18326e-06
1.19915e-06
1.21529e-06
1.23155e-06
1.24782e-06
1.26398e-06
1.27991e-06
1.29551e-06
1.31097e-06
1.32589e-06
1.33454e-06
1.33735e-06
1.34444e-06
1.35636e-06
1.36736e-06
1.37708e-06
1.38576e-06
1.39334e-06
1.39975e-06
1.40495e-06
1.40888e-06
1.4115e-06
1.41273e-06
1.41254e-06
1.41087e-06
1.40766e-06
1.40285e-06
1.3964e-06
1.38827e-06
1.37842e-06
1.36687e-06
1.35361e-06
1.33891e-06
1.3226e-06
1.29955e-06
1.26769e-06
1.23802e-06
1.2153e-06
1.19387e-06
1.17301e-06
1.15349e-06
1.13571e-06
1.11999e-06
1.10659e-06
1.0957e-06
1.08746e-06
1.082e-06
1.07956e-06
1.07965e-06
1.08182e-06
1.08584e-06
1.09158e-06
1.09893e-06
1.10776e-06
1.11796e-06
1.12937e-06
1.14214e-06
1.15583e-06
1.16498e-06
1.16993e-06
1.1802e-06
1.19628e-06
1.21269e-06
1.22898e-06
1.24533e-06
1.2616e-06
1.27769e-06
1.29349e-06
1.30889e-06
1.3238e-06
1.33811e-06
1.35176e-06
1.36463e-06
1.37666e-06
1.38777e-06
1.39788e-06
1.40691e-06
1.4148e-06
1.42147e-06
1.42687e-06
1.43121e-06
1.43416e-06
1.42986e-06
1.4188e-06
1.41133e-06
1.40792e-06
1.40273e-06
1.39547e-06
1.38639e-06
1.37547e-06
1.36269e-06
1.34808e-06
1.33156e-06
1.31294e-06
1.29215e-06
1.26977e-06
1.24659e-06
1.2233e-06
1.20047e-06
1.17862e-06
1.15823e-06
1.13969e-06
1.12332e-06
1.10935e-06
1.09829e-06
1.08988e-06
1.07899e-06
1.07742e-06
1.07194e-06
1.07373e-06
1.0774e-06
1.08249e-06
1.08919e-06
1.09736e-06
1.10687e-06
1.1176e-06
1.12942e-06
1.14219e-06
1.15577e-06
1.17003e-06
1.18483e-06
1.20004e-06
1.21554e-06
1.23122e-06
1.24694e-06
1.26259e-06
1.27807e-06
1.29326e-06
1.30837e-06
1.32297e-06
1.33125e-06
1.33365e-06
1.34042e-06
1.35214e-06
1.36298e-06
1.37258e-06
1.38115e-06
1.38864e-06
1.39498e-06
1.40012e-06
1.404e-06
1.40656e-06
1.40775e-06
1.40751e-06
1.40578e-06
1.40252e-06
1.39767e-06
1.39118e-06
1.38303e-06
1.37317e-06
1.36161e-06
1.34836e-06
1.33339e-06
1.31701e-06
1.29784e-06
1.26994e-06
1.23865e-06
1.21453e-06
1.1952e-06
1.17636e-06
1.15843e-06
1.14209e-06
1.12764e-06
1.11533e-06
1.10533e-06
1.09778e-06
1.09275e-06
1.09028e-06
1.08997e-06
1.0916e-06
1.095e-06
1.10008e-06
1.10672e-06
1.11482e-06
1.12426e-06
1.13492e-06
1.14695e-06
1.15988e-06
1.1682e-06
1.17228e-06
1.18176e-06
1.19716e-06
1.21296e-06
1.22866e-06
1.24445e-06
1.26021e-06
1.27582e-06
1.29117e-06
1.30616e-06
1.32069e-06
1.33468e-06
1.34802e-06
1.36063e-06
1.37243e-06
1.38333e-06
1.39327e-06
1.40216e-06
1.40993e-06
1.41651e-06
1.42184e-06
1.42615e-06
1.42906e-06
1.42463e-06
1.41335e-06
1.40572e-06
1.40223e-06
1.397e-06
1.3897e-06
1.38062e-06
1.36972e-06
1.35703e-06
1.34254e-06
1.32629e-06
1.30822e-06
1.28844e-06
1.2674e-06
1.24571e-06
1.22397e-06
1.20271e-06
1.18242e-06
1.16352e-06
1.14636e-06
1.13122e-06
1.11834e-06
1.10819e-06
1.10047e-06
1.08991e-06
1.08295e-06
1.07716e-06
1.07868e-06
1.08206e-06
1.0868e-06
1.0931e-06
1.10086e-06
1.10995e-06
1.12025e-06
1.13164e-06
1.14398e-06
1.15715e-06
1.171e-06
1.18542e-06
1.20027e-06
1.21543e-06
1.23079e-06
1.24623e-06
1.26164e-06
1.2769e-06
1.29193e-06
1.30694e-06
1.32146e-06
1.32956e-06
1.33172e-06
1.33829e-06
1.34995e-06
1.36082e-06
1.37042e-06
1.37901e-06
1.38653e-06
1.39291e-06
1.39809e-06
1.40201e-06
1.40462e-06
1.40584e-06
1.40564e-06
1.40394e-06
1.4007e-06
1.39586e-06
1.38938e-06
1.38122e-06
1.37136e-06
1.35978e-06
1.34649e-06
1.33147e-06
1.31498e-06
1.2966e-06
1.2709e-06
1.24026e-06
1.21542e-06
1.19645e-06
1.1783e-06
1.16107e-06
1.14541e-06
1.13158e-06
1.11982e-06
1.11029e-06
1.1031e-06
1.0983e-06
1.09583e-06
1.09533e-06
1.09667e-06
1.09974e-06
1.10445e-06
1.11071e-06
1.11841e-06
1.12744e-06
1.1377e-06
1.14936e-06
1.16192e-06
1.16975e-06
1.1733e-06
1.18229e-06
1.19734e-06
1.21284e-06
1.22824e-06
1.24375e-06
1.25925e-06
1.27462e-06
1.28977e-06
1.30458e-06
1.31895e-06
1.3328e-06
1.34604e-06
1.35856e-06
1.3703e-06
1.38116e-06
1.39108e-06
1.39997e-06
1.40775e-06
1.41437e-06
1.41975e-06
1.42419e-06
1.42723e-06
1.42277e-06
1.41136e-06
1.40358e-06
1.40008e-06
1.3949e-06
1.38762e-06
1.37855e-06
1.36767e-06
1.355e-06
1.34056e-06
1.3244e-06
1.30655e-06
1.28717e-06
1.26669e-06
1.24565e-06
1.22462e-06
1.20409e-06
1.18453e-06
1.16633e-06
1.14985e-06
1.13534e-06
1.12302e-06
1.11337e-06
1.10604e-06
1.09561e-06
)
;

boundaryField
{
    left
    {
        type            cyclic;
    }
    right
    {
        type            cyclic;
    }
    top
    {
        type            calculated;
        value           nonuniform List<scalar> 
120
(
1.08295e-06
1.07716e-06
1.07868e-06
1.08206e-06
1.0868e-06
1.0931e-06
1.10086e-06
1.10995e-06
1.12025e-06
1.13164e-06
1.14398e-06
1.15715e-06
1.171e-06
1.18542e-06
1.20027e-06
1.21543e-06
1.23079e-06
1.24623e-06
1.26164e-06
1.2769e-06
1.29193e-06
1.30694e-06
1.32146e-06
1.32956e-06
1.33172e-06
1.33829e-06
1.34995e-06
1.36082e-06
1.37042e-06
1.37901e-06
1.38653e-06
1.39291e-06
1.39809e-06
1.40201e-06
1.40462e-06
1.40584e-06
1.40564e-06
1.40394e-06
1.4007e-06
1.39586e-06
1.38938e-06
1.38122e-06
1.37136e-06
1.35978e-06
1.34649e-06
1.33147e-06
1.31498e-06
1.2966e-06
1.2709e-06
1.24026e-06
1.21542e-06
1.19645e-06
1.1783e-06
1.16107e-06
1.14541e-06
1.13158e-06
1.11982e-06
1.11029e-06
1.1031e-06
1.0983e-06
1.09583e-06
1.09533e-06
1.09667e-06
1.09974e-06
1.10445e-06
1.11071e-06
1.11841e-06
1.12744e-06
1.1377e-06
1.14936e-06
1.16192e-06
1.16975e-06
1.1733e-06
1.18229e-06
1.19734e-06
1.21284e-06
1.22824e-06
1.24375e-06
1.25925e-06
1.27462e-06
1.28977e-06
1.30458e-06
1.31895e-06
1.3328e-06
1.34604e-06
1.35856e-06
1.3703e-06
1.38116e-06
1.39108e-06
1.39997e-06
1.40775e-06
1.41437e-06
1.41975e-06
1.42419e-06
1.42723e-06
1.42277e-06
1.41136e-06
1.40358e-06
1.40008e-06
1.3949e-06
1.38762e-06
1.37855e-06
1.36767e-06
1.355e-06
1.34056e-06
1.3244e-06
1.30655e-06
1.28717e-06
1.26669e-06
1.24565e-06
1.22462e-06
1.20409e-06
1.18453e-06
1.16633e-06
1.14985e-06
1.13534e-06
1.12302e-06
1.11337e-06
1.10604e-06
1.09561e-06
)
;
    }
    bottom
    {
        type            calculated;
        value           nonuniform List<scalar> 
120
(
1.17429e-06
1.32152e-06
7.33222e-07
2.18117e-07
2.9048e-08
4.64304e-09
2.42384e-08
7.90649e-08
1.73468e-07
2.99012e-07
4.48764e-07
6.1376e-07
7.8807e-07
9.63135e-07
1.13708e-06
1.30611e-06
1.45873e-06
1.6031e-06
1.74487e-06
1.89117e-06
2.03984e-06
2.19079e-06
2.33316e-06
2.46434e-06
2.57972e-06
2.68606e-06
2.79177e-06
2.89438e-06
2.99551e-06
3.09308e-06
3.18996e-06
3.28026e-06
3.3751e-06
3.46854e-06
3.58682e-06
3.72096e-06
3.8713e-06
4.0481e-06
4.25744e-06
4.50476e-06
4.80334e-06
5.17163e-06
5.60799e-06
6.05585e-06
6.30191e-06
5.8501e-06
5.24843e-07
4.08724e-07
4.82957e-07
2.59953e-07
1.37382e-07
1.13176e-07
1.51605e-07
2.29649e-07
3.24411e-07
4.30694e-07
5.12446e-07
5.24719e-07
4.11166e-07
9.01158e-08
1.37353e-06
1.67552e-06
1.18696e-06
6.98343e-07
3.4018e-07
1.26609e-07
3.59439e-08
3.89921e-08
1.13721e-07
2.38707e-07
3.98638e-07
5.76363e-07
7.61514e-07
9.46037e-07
1.12905e-06
1.30772e-06
1.48049e-06
1.65729e-06
1.8354e-06
2.01578e-06
2.18578e-06
2.34491e-06
2.48442e-06
2.60848e-06
2.72418e-06
2.82975e-06
2.93505e-06
3.03843e-06
3.1487e-06
3.2647e-06
3.39315e-06
3.52406e-06
3.66025e-06
3.7921e-06
3.93883e-06
4.10314e-06
4.288e-06
4.50293e-06
4.75368e-06
5.05323e-06
5.41177e-06
5.84123e-06
6.34032e-06
6.85763e-06
7.14737e-06
6.67101e-06
7.74764e-07
2.00041e-07
1.96923e-07
1.23262e-07
1.28065e-07
1.82916e-07
2.6309e-07
3.54465e-07
4.41801e-07
5.26418e-07
5.81032e-07
5.72288e-07
4.51378e-07
1.14147e-07
)
;
    }
    frontAndBack
    {
        type            empty;
    }
}


// ************************************************************************* //
