/*--------------------------------*- C++ -*----------------------------------*\ 
 =========                 |
 \      /  F ield         | OpenFOAM: The Open Source CFD Toolbox 
  \    /   O peration     | 
   \  /    A nd           | Web:      www.OpenFOAM.org 
    \/     M anipulation  | 
------------------------------------------------------------------------------- 
Description 
    Writes out values of fields from cells nearest to specified locations. 

\*---------------------------------------------------------------------------*/ 

#includeEtc "caseDicts/postProcessing/probes/probes.cfg" 
fields (U C); 
probeLocations 
( 
   (2.50 0.000 0) 
   (2.50 0.020 0) 
   (2.50 0.040 0) 
   (2.50 0.060 0) 
   (2.50 0.080 0) 
   (2.50 0.100 0) 
   (2.50 0.120 0) 
   (2.50 0.140 0) 
   (2.50 0.160 0) 
   (2.50 0.180 0) 
   (2.50 0.200 0) 
   (2.50 0.220 0) 
   (2.50 0.240 0) 
   (2.50 0.260 0) 
   (2.50 0.280 0) 
   (2.50 0.300 0) 
   (2.50 0.320 0) 
   (2.50 0.340 0) 
   (2.50 0.360 0) 
   (2.50 0.380 0) 
   (2.50 0.400 0) 
   (2.50 0.420 0) 
   (2.50 0.440 0) 
   (2.50 0.460 0) 
   (2.50 0.480 0) 
   (2.50 0.500 0) 
   (2.50 0.520 0) 
   (2.50 0.540 0) 
   (2.50 0.560 0) 
   (2.50 0.580 0) 
   (2.50 0.600 0) 
   (2.50 0.620 0) 
   (2.50 0.640 0) 
   (2.50 0.660 0) 
   (2.50 0.680 0) 
   (2.50 0.700 0) 
   (2.50 0.720 0) 
   (2.50 0.740 0) 
   (2.50 0.760 0) 
   (2.50 0.780 0) 
   (2.50 0.800 0) 
   (2.50 0.820 0) 
   (2.50 0.840 0) 
   (2.50 0.860 0) 
   (2.50 0.880 0) 
   (2.50 0.900 0) 
   (2.50 0.920 0) 
   (2.50 0.940 0) 
   (2.50 0.960 0) 
   (2.50 0.980 0) 
   (2.50 1.000 0) 
 
   (3.00 0.000 0) 
   (3.00 0.020 0) 
   (3.00 0.040 0) 
   (3.00 0.060 0) 
   (3.00 0.080 0) 
   (3.00 0.100 0) 
   (3.00 0.120 0) 
   (3.00 0.140 0) 
   (3.00 0.160 0) 
   (3.00 0.180 0) 
   (3.00 0.200 0) 
   (3.00 0.220 0) 
   (3.00 0.240 0) 
   (3.00 0.260 0) 
   (3.00 0.280 0) 
   (3.00 0.300 0) 
   (3.00 0.320 0) 
   (3.00 0.340 0) 
   (3.00 0.360 0) 
   (3.00 0.380 0) 
   (3.00 0.400 0) 
   (3.00 0.420 0) 
   (3.00 0.440 0) 
   (3.00 0.460 0) 
   (3.00 0.480 0) 
   (3.00 0.500 0) 
   (3.00 0.520 0) 
   (3.00 0.540 0) 
   (3.00 0.560 0) 
   (3.00 0.580 0) 
   (3.00 0.600 0) 
   (3.00 0.620 0) 
   (3.00 0.640 0) 
   (3.00 0.660 0) 
   (3.00 0.680 0) 
   (3.00 0.700 0) 
   (3.00 0.720 0) 
   (3.00 0.740 0) 
   (3.00 0.760 0) 
   (3.00 0.780 0) 
   (3.00 0.800 0) 
   (3.00 0.820 0) 
   (3.00 0.840 0) 
   (3.00 0.860 0) 
   (3.00 0.880 0) 
   (3.00 0.900 0) 
   (3.00 0.920 0) 
   (3.00 0.940 0) 
   (3.00 0.960 0) 
   (3.00 0.980 0) 
   (3.00 1.000 0) 
 
   (3.50 0.000 0) 
   (3.50 0.020 0) 
   (3.50 0.040 0) 
   (3.50 0.060 0) 
   (3.50 0.080 0) 
   (3.50 0.100 0) 
   (3.50 0.120 0) 
   (3.50 0.140 0) 
   (3.50 0.160 0) 
   (3.50 0.180 0) 
   (3.50 0.200 0) 
   (3.50 0.220 0) 
   (3.50 0.240 0) 
   (3.50 0.260 0) 
   (3.50 0.280 0) 
   (3.50 0.300 0) 
   (3.50 0.320 0) 
   (3.50 0.340 0) 
   (3.50 0.360 0) 
   (3.50 0.380 0) 
   (3.50 0.400 0) 
   (3.50 0.420 0) 
   (3.50 0.440 0) 
   (3.50 0.460 0) 
   (3.50 0.480 0) 
   (3.50 0.500 0) 
   (3.50 0.520 0) 
   (3.50 0.540 0) 
   (3.50 0.560 0) 
   (3.50 0.580 0) 
   (3.50 0.600 0) 
   (3.50 0.620 0) 
   (3.50 0.640 0) 
   (3.50 0.660 0) 
   (3.50 0.680 0) 
   (3.50 0.700 0) 
   (3.50 0.720 0) 
   (3.50 0.740 0) 
   (3.50 0.760 0) 
   (3.50 0.780 0) 
   (3.50 0.800 0) 
   (3.50 0.820 0) 
   (3.50 0.840 0) 
   (3.50 0.860 0) 
   (3.50 0.880 0) 
   (3.50 0.900 0) 
   (3.50 0.920 0) 
   (3.50 0.940 0) 
   (3.50 0.960 0) 
   (3.50 0.980 0) 
   (3.50 1.000 0) 
 
   (4.00 0.000 0) 
   (4.00 0.020 0) 
   (4.00 0.040 0) 
   (4.00 0.060 0) 
   (4.00 0.080 0) 
   (4.00 0.100 0) 
   (4.00 0.120 0) 
   (4.00 0.140 0) 
   (4.00 0.160 0) 
   (4.00 0.180 0) 
   (4.00 0.200 0) 
   (4.00 0.220 0) 
   (4.00 0.240 0) 
   (4.00 0.260 0) 
   (4.00 0.280 0) 
   (4.00 0.300 0) 
   (4.00 0.320 0) 
   (4.00 0.340 0) 
   (4.00 0.360 0) 
   (4.00 0.380 0) 
   (4.00 0.400 0) 
   (4.00 0.420 0) 
   (4.00 0.440 0) 
   (4.00 0.460 0) 
   (4.00 0.480 0) 
   (4.00 0.500 0) 
   (4.00 0.520 0) 
   (4.00 0.540 0) 
   (4.00 0.560 0) 
   (4.00 0.580 0) 
   (4.00 0.600 0) 
   (4.00 0.620 0) 
   (4.00 0.640 0) 
   (4.00 0.660 0) 
   (4.00 0.680 0) 
   (4.00 0.700 0) 
   (4.00 0.720 0) 
   (4.00 0.740 0) 
   (4.00 0.760 0) 
   (4.00 0.780 0) 
   (4.00 0.800 0) 
   (4.00 0.820 0) 
   (4.00 0.840 0) 
   (4.00 0.860 0) 
   (4.00 0.880 0) 
   (4.00 0.900 0) 
   (4.00 0.920 0) 
   (4.00 0.940 0) 
   (4.00 0.960 0) 
   (4.00 0.980 0) 
   (4.00 1.000 0) 
 
   (4.50 0.000 0) 
   (4.50 0.020 0) 
   (4.50 0.040 0) 
   (4.50 0.060 0) 
   (4.50 0.080 0) 
   (4.50 0.100 0) 
   (4.50 0.120 0) 
   (4.50 0.140 0) 
   (4.50 0.160 0) 
   (4.50 0.180 0) 
   (4.50 0.200 0) 
   (4.50 0.220 0) 
   (4.50 0.240 0) 
   (4.50 0.260 0) 
   (4.50 0.280 0) 
   (4.50 0.300 0) 
   (4.50 0.320 0) 
   (4.50 0.340 0) 
   (4.50 0.360 0) 
   (4.50 0.380 0) 
   (4.50 0.400 0) 
   (4.50 0.420 0) 
   (4.50 0.440 0) 
   (4.50 0.460 0) 
   (4.50 0.480 0) 
   (4.50 0.500 0) 
   (4.50 0.520 0) 
   (4.50 0.540 0) 
   (4.50 0.560 0) 
   (4.50 0.580 0) 
   (4.50 0.600 0) 
   (4.50 0.620 0) 
   (4.50 0.640 0) 
   (4.50 0.660 0) 
   (4.50 0.680 0) 
   (4.50 0.700 0) 
   (4.50 0.720 0) 
   (4.50 0.740 0) 
   (4.50 0.760 0) 
   (4.50 0.780 0) 
   (4.50 0.800 0) 
   (4.50 0.820 0) 
   (4.50 0.840 0) 
   (4.50 0.860 0) 
   (4.50 0.880 0) 
   (4.50 0.900 0) 
   (4.50 0.920 0) 
   (4.50 0.940 0) 
   (4.50 0.960 0) 
   (4.50 0.980 0) 
   (4.50 1.000 0) 
 
); 

//**************************************************// 
